1 0.8672248803827751 0.6124401913875598 0.26555023923444976 0.3444976076555024
1 0.812200956937799 0.34688995215311 0.2607655502392344 0.27751196172248804
1 0.7380382775119617 0.1339712918660287 0.21052631578947367 0.22488038277511962
1 0.5538277511961722 0.1638755980861244 0.22727272727272727 0.2679425837320574
1 0.6028708133971292 0.3923444976076555 0.2511961722488038 0.3038277511961722
1 0.6614832535885168 0.6961722488038278 0.2894736842105263 0.3708133971291866
1 0.42105263157894735 0.6913875598086124 0.2966507177033493 0.3492822966507177
1 0.38636363636363635 0.41626794258373206 0.2511961722488038 0.291866028708134
1 0.361244019138756 0.19617224880382775 0.21770334928229665 0.24880382775119617
1 0.17822966507177032 0.7356459330143541 0.3038277511961722 0.3444976076555024
1 0.17583732057416268 0.44976076555023925 0.2583732057416268 0.30861244019138756
1 0.18301435406698566 0.21650717703349281 0.20813397129186603 0.23923444976076555