1 0.8098086124401914 0.7464114832535885 0.29904306220095694 0.3492822966507177
1 0.84688995215311 0.4748803827751196 0.26555023923444976 0.2822966507177033
1 0.8576555023923444 0.25 0.215311004784689 0.22966507177033493
1 0.6758373205741627 0.20813397129186603 0.23444976076555024 0.2727272727272727
1 0.6351674641148325 0.43779904306220097 0.2607655502392344 0.30861244019138756
1 0.5753588516746412 0.742822966507177 0.3014354066985646 0.37799043062200954
1 0.35526315789473684 0.6471291866028708 0.3062200956937799 0.35645933014354064
1 0.4258373205741627 0.3803827751196172 0.2583732057416268 0.2966507177033493
1 0.48564593301435405 0.16626794258373206 0.22488038277511962 0.2535885167464115
1 0.1339712918660287 0.59688995215311 0.2679425837320574 0.35167464114832536
1 0.21770334928229665 0.33253588516746413 0.26555023923444976 0.3133971291866029
1 0.31100478468899523 0.11961722488038277 0.215311004784689 0.23923444976076555