1 0.145933014354067 0.3229665071770335 0.23923444976076555 0.30741626794258375
1 0.16626794258373206 0.59688995215311 0.22129186602870812 0.24162679425837322
1 0.2021531100478469 0.819377990430622 0.17822966507177032 0.19736842105263158
1 0.388755980861244 0.8217703349282297 0.18779904306220097 0.23923444976076555
1 0.3803827751196172 0.5885167464114832 0.20813397129186603 0.2715311004784689
1 0.37559808612440193 0.27870813397129185 0.23564593301435408 0.3361244019138756
1 0.611244019138756 0.3253588516746411 0.24641148325358853 0.31220095693779903
1 0.59688995215311 0.6016746411483254 0.20813397129186603 0.2595693779904306
1 0.583732057416268 0.8229665071770335 0.18181818181818182 0.22129186602870812
1 0.8576555023923444 0.3241626794258373 0.2535885167464115 0.3050239234449761
1 0.8110047846889952 0.6052631578947368 0.21291866028708134 0.27631578947368424
1 0.7631578947368421 0.833732057416268 0.17464114832535885 0.21291866028708134