1 0.8480861244019139 0.31100478468899523 0.24880382775119617 0.3157894736842105
1 0.8373205741626795 0.5849282296650717 0.22966507177033493 0.24880382775119617
1 0.8086124401913876 0.8086124401913876 0.18421052631578946 0.20334928229665072
1 0.6220095693779905 0.8181818181818182 0.19617224880382775 0.24641148325358853
1 0.6232057416267942 0.583732057416268 0.21770334928229665 0.27751196172248804
1 0.6160287081339713 0.27392344497607657 0.24641148325358853 0.3444976076555024
1 0.3827751196172249 0.32894736842105265 0.25598086124401914 0.32057416267942584
1 0.40669856459330145 0.6052631578947368 0.21770334928229665 0.26555023923444976
1 0.4270334928229665 0.8253588516746412 0.18899521531100477 0.22727272727272727
1 0.13636363636363635 0.3373205741626794 0.2631578947368421 0.3133971291866029
1 0.19258373205741627 0.6160287081339713 0.22248803827751196 0.284688995215311
1 0.24880382775119617 0.8433014354066986 0.18181818181818182 0.21770334928229665