1 0.07416267942583732 0.8385167464114832 0.14832535885167464 0.2607655502392344
1 0.08373205741626795 0.5897129186602871 0.1674641148325359 0.2511961722488038
1 0.09808612440191387 0.3444976076555024 0.18421052631578946 0.2631578947368421
1 0.12081339712918661 0.10885167464114832 0.17942583732057416 0.21770334928229665
1 0.29066985645933013 0.12081339712918661 0.17464114832535885 0.24162679425837322
1 0.26435406698564595 0.361244019138756 0.18421052631578946 0.2607655502392344
1 0.24162679425837322 0.6004784688995215 0.18660287081339713 0.2607655502392344
1 0.22607655502392343 0.8504784688995215 0.18660287081339713 0.2631578947368421
1 0.40789473684210525 0.618421052631579 0.17942583732057416 0.2607655502392344
1 0.430622009569378 0.3696172248803828 0.17464114832535885 0.2583732057416268
1 0.45215311004784686 0.12440191387559808 0.17703349282296652 0.24880382775119617
1 0.6124401913875598 0.1375598086124402 0.18421052631578946 0.2727272727272727
1 0.5873205741626795 0.3875598086124402 0.17942583732057416 0.2703349282296651
1 0.5681818181818182 0.6327751196172249 0.18421052631578946 0.2583732057416268
1 0.5430622009569378 0.8767942583732058 0.18181818181818182 0.24641148325358853
1 0.7320574162679426 0.6495215311004785 0.18899521531100477 0.2679425837320574
1 0.7535885167464115 0.4007177033492823 0.18421052631578946 0.2631578947368421
1 0.7727272727272727 0.15430622009569378 0.18899521531100477 0.26555023923444976
1 0.9234449760765551 0.17105263157894737 0.15311004784688995 0.284688995215311
1 0.9150717703349283 0.41985645933014354 0.16985645933014354 0.2799043062200957
1 0.9055023923444976 0.6614832535885168 0.18660287081339713 0.2679425837320574