1 0.09090909090909091 0.8767942583732058 0.1722488038277512 0.24641148325358853
1 0.08851674641148326 0.6267942583732058 0.16507177033492823 0.23923444976076555
1 0.08851674641148326 0.3815789473684211 0.1638755980861244 0.2511961722488038
1 0.08851674641148326 0.12679425837320574 0.16148325358851676 0.23923444976076555
1 0.2583732057416268 0.1339712918660287 0.15669856459330145 0.24641148325358853
1 0.25598086124401914 0.3839712918660287 0.16507177033492823 0.24880382775119617
1 0.25598086124401914 0.6244019138755981 0.1674641148325359 0.24880382775119617
1 0.2607655502392344 0.8744019138755981 0.1674641148325359 0.2511961722488038
1 0.4222488038277512 0.6279904306220095 0.1590909090909091 0.25
1 0.4222488038277512 0.37799043062200954 0.15669856459330145 0.24880382775119617
1 0.42105263157894735 0.13157894736842105 0.1590909090909091 0.24043062200956938
1 0.5813397129186603 0.13157894736842105 0.1638755980861244 0.2595693779904306
1 0.5801435406698564 0.3839712918660287 0.15789473684210525 0.2595693779904306
1 0.5825358851674641 0.6303827751196173 0.1638755980861244 0.24641148325358853
1 0.5825358851674641 0.8779904306220095 0.16267942583732056 0.24043062200956938
1 0.7488038277511961 0.6339712918660287 0.1686602870813397 0.25598086124401914
1 0.7464114832535885 0.3839712918660287 0.16507177033492823 0.25
1 0.7416267942583732 0.13636363636363635 0.16985645933014354 0.2535885167464115
1 0.9150717703349283 0.13995215311004786 0.16985645933014354 0.2703349282296651
1 0.9174641148325359 0.388755980861244 0.16507177033492823 0.26674641148325356
1 0.9186602870813397 0.631578947368421 0.16267942583732056 0.25478468899521534