1 0.937799043062201 0.7822966507177034 0.12440191387559808 0.27751196172248804
1 0.9126794258373205 0.5382775119617225 0.17464114832535885 0.2679425837320574
1 0.8803827751196173 0.2966507177033493 0.21052631578947367 0.27751196172248804
1 0.8253588516746412 0.09090909090909091 0.20574162679425836 0.18181818181818182
1 0.6602870813397129 0.11363636363636363 0.20095693779904306 0.22727272727272727
1 0.7165071770334929 0.33373205741626794 0.21052631578947367 0.2751196172248804
1 0.7691387559808612 0.569377990430622 0.21291866028708134 0.2751196172248804
1 0.8145933014354066 0.8145933014354066 0.21291866028708134 0.27751196172248804
1 0.6052631578947368 0.6064593301435407 0.20574162679425836 0.2751196172248804
1 0.5526315789473685 0.361244019138756 0.20334928229665072 0.2727272727272727
1 0.5011961722488039 0.12679425837320574 0.20334928229665072 0.2535885167464115
1 0.3444976076555024 0.15430622009569378 0.21291866028708134 0.28708133971291866
1 0.39952153110047844 0.39952153110047844 0.20813397129186603 0.284688995215311
1 0.4485645933014354 0.6399521531100478 0.21052631578947367 0.2727272727272727
1 0.5011961722488039 0.8744019138755981 0.20813397129186603 0.2511961722488038
1 0.28827751196172247 0.6770334928229665 0.21770334928229665 0.284688995215311
1 0.23564593301435408 0.43301435406698563 0.21291866028708134 0.27751196172248804
1 0.18660287081339713 0.1901913875598086 0.21770334928229665 0.2799043062200957
1 0.0645933014354067 0.2284688995215311 0.1291866028708134 0.29904306220095694
1 0.08851674641148326 0.4700956937799043 0.17703349282296652 0.2942583732057416
1 0.11722488038277512 0.7093301435406698 0.215311004784689 0.2822966507177033