1 0.930622009569378 0.18421052631578946 0.13875598086124402 0.2679425837320574
1 0.9150717703349283 0.430622009569378 0.16985645933014354 0.2583732057416268
1 0.8935406698564593 0.6758373205741627 0.19617224880382775 0.2703349282296651
1 0.8564593301435407 0.8983253588516746 0.19138755980861244 0.20334928229665072
1 0.6866028708133971 0.8827751196172249 0.18660287081339713 0.23444976076555024
1 0.7272727272727273 0.6507177033492823 0.19617224880382775 0.2679425837320574
1 0.7631578947368421 0.4126794258373206 0.19856459330143542 0.2679425837320574
1 0.7918660287081339 0.1638755980861244 0.19856459330143542 0.2703349282296651
1 0.5980861244019139 0.38636363636363635 0.19138755980861244 0.2679425837320574
1 0.562200956937799 0.6339712918660287 0.18660287081339713 0.26555023923444976
1 0.527511961722488 0.8744019138755981 0.18899521531100477 0.2511961722488038
1 0.3696172248803828 0.8564593301435407 0.19617224880382775 0.27751196172248804
1 0.40669856459330145 0.6076555023923444 0.19138755980861244 0.27751196172248804
1 0.43899521531100477 0.36363636363636365 0.19617224880382775 0.26555023923444976
1 0.4748803827751196 0.12320574162679426 0.1937799043062201 0.24641148325358853
1 0.27631578947368424 0.33851674641148327 0.20095693779904306 0.2751196172248804
1 0.24162679425837322 0.5861244019138756 0.19617224880382775 0.2703349282296651
1 0.20933014354066987 0.8313397129186603 0.20095693779904306 0.2727272727272727
1 0.07057416267942583 0.8038277511961722 0.14114832535885166 0.291866028708134
1 0.0861244019138756 0.5574162679425837 0.1722488038277512 0.28708133971291866
1 0.10406698564593302 0.31698564593301437 0.19856459330143542 0.2751196172248804