1 0.06818181818181818 0.7990430622009569 0.13636363636363635 0.2727272727272727
1 0.08732057416267942 0.5526315789473685 0.17464114832535885 0.2631578947368421
1 0.11483253588516747 0.31220095693779903 0.20574162679425836 0.2751196172248804
1 0.15789473684210525 0.09569377990430622 0.20095693779904306 0.19138755980861244
1 0.3253588516746411 0.11602870813397129 0.19617224880382775 0.23205741626794257
1 0.2799043062200957 0.34330143540669855 0.20574162679425836 0.2727272727272727
1 0.23803827751196172 0.5801435406698564 0.20813397129186603 0.2751196172248804
1 0.19976076555023922 0.8277511961722488 0.20813397129186603 0.27751196172248804
1 0.4007177033492823 0.6124401913875598 0.20095693779904306 0.2727272727272727
1 0.4449760765550239 0.3660287081339713 0.19856459330143542 0.2727272727272727
1 0.48444976076555024 0.12799043062200957 0.19856459330143542 0.25598086124401914
1 0.6435406698564593 0.1507177033492823 0.20574162679425836 0.284688995215311
1 0.5992822966507177 0.39952153110047844 0.20095693779904306 0.2822966507177033
1 0.5586124401913876 0.6423444976076556 0.20334928229665072 0.2703349282296651
1 0.5143540669856459 0.8767942583732058 0.20095693779904306 0.24641148325358853
1 0.7212918660287081 0.6746411483253588 0.21052631578947367 0.2822966507177033
1 0.7631578947368421 0.42822966507177035 0.20574162679425836 0.2751196172248804
1 0.8014354066985646 0.18421052631578946 0.21052631578947367 0.2799043062200957
1 0.9318181818181818 0.21770334928229665 0.13636363636363635 0.2966507177033493
1 0.9126794258373205 0.46172248803827753 0.17464114832535885 0.291866028708134
1 0.8899521531100478 0.7021531100478469 0.20334928229665072 0.2799043062200957