1 0.8588516746411483 0.8947368421052632 0.20095693779904306 0.21052631578947367
1 0.8935406698564593 0.6758373205741627 0.1937799043062201 0.2583732057416268
1 0.9126794258373205 0.4318181818181818 0.17464114832535885 0.2703349282296651
1 0.9294258373205742 0.17822966507177032 0.14114832535885166 0.25598086124401914
1 0.784688995215311 0.16626794258373206 0.18660287081339713 0.2631578947368421
1 0.7559808612440191 0.4150717703349282 0.1937799043062201 0.2679425837320574
1 0.7272727272727273 0.65311004784689 0.19617224880382775 0.2679425837320574
1 0.6913875598086124 0.8827751196172249 0.19617224880382775 0.23444976076555024
1 0.5610047846889952 0.6363636363636364 0.18899521531100477 0.2679425837320574
1 0.5921052631578947 0.388755980861244 0.18660287081339713 0.26555023923444976
1 0.6232057416267942 0.14354066985645933 0.18660287081339713 0.2583732057416268
1 0.46291866028708134 0.13157894736842105 0.1937799043062201 0.2631578947368421
1 0.4342105263157895 0.37559808612440193 0.18899521531100477 0.27751196172248804
1 0.4019138755980861 0.6196172248803827 0.1937799043062201 0.26555023923444976
1 0.37200956937799046 0.8648325358851675 0.19138755980861244 0.2583732057416268
1 0.23684210526315788 0.6028708133971292 0.19856459330143542 0.2751196172248804
1 0.26913875598086123 0.35526315789473684 0.1937799043062201 0.2679425837320574
1 0.3050239234449761 0.12320574162679426 0.19856459330143542 0.24641148325358853
1 0.13157894736842105 0.11842105263157894 0.20095693779904306 0.23684210526315788
1 0.09928229665071771 0.33851674641148327 0.19617224880382775 0.284688995215311
1 0.08133971291866028 0.5789473684210527 0.16267942583732056 0.2727272727272727