1 0.8229665071770335 0.7894736842105263 0.22009569377990432 0.3277511961722488
1 0.5765550239234449 0.8361244019138756 0.21770334928229665 0.3277511961722488
1 0.3492822966507177 0.8516746411483254 0.21052631578947367 0.2966507177033493
1 0.8349282296650717 0.47129186602870815 0.21770334928229665 0.3229665071770335
1 0.680622009569378 0.5023923444976076 0.20574162679425836 0.3181818181818182
1 0.5227272727272727 0.5370813397129187 0.20334928229665072 0.3229665071770335
1 0.36483253588516745 0.5645933014354066 0.21052631578947367 0.33253588516746413
1 0.19976076555023922 0.6028708133971292 0.20574162679425836 0.33014354066985646
1 0.8349282296650717 0.15789473684210525 0.22009569377990432 0.3157894736842105
1 0.6818181818181818 0.1901913875598086 0.19617224880382775 0.3157894736842105
1 0.5322966507177034 0.22248803827751196 0.18660287081339713 0.3157894736842105
1 0.3815789473684211 0.2511961722488038 0.20334928229665072 0.33014354066985646
1 0.22966507177033493 0.2811004784688995 0.20813397129186603 0.3253588516746411
1 0.08373205741626795 0.29784688995215314 0.1674641148325359 0.3373205741626794