1 0.7619617224880383 0.15430622009569378 0.16507177033492823 0.3026315789473684
1 0.5107655502392344 0.15550239234449761 0.16267942583732056 0.3026315789473684
1 0.2822966507177033 0.16267942583732056 0.15311004784688995 0.3145933014354067
1 0.833732057416268 0.46411483253588515 0.16267942583732056 0.29784688995215314
1 0.6770334928229665 0.46291866028708134 0.15311004784688995 0.2942583732057416
1 0.5155502392344498 0.45933014354066987 0.14952153110047847 0.30023923444976075
1 0.35526315789473684 0.46291866028708134 0.15311004784688995 0.30980861244019137
1 0.1854066985645933 0.4569377990430622 0.14952153110047847 0.3062200956937799
1 0.895933014354067 0.7787081339712919 0.16507177033492823 0.30741626794258375
1 0.7380382775119617 0.7691387559808612 0.1423444976076555 0.2942583732057416
1 0.5849282296650717 0.7667464114832536 0.13157894736842105 0.2966507177033493
1 0.4318181818181818 0.7667464114832536 0.14832535885167464 0.30741626794258375
1 0.27631578947368424 0.7667464114832536 0.15311004784688995 0.3014354066985646
1 0.11244019138755981 0.7799043062200957 0.14832535885167464 0.3145933014354067