1 0.23803827751196172 0.8456937799043063 0.16507177033492823 0.3026315789473684
1 0.4892344497607656 0.8444976076555024 0.16267942583732056 0.3026315789473684
1 0.7177033492822966 0.8373205741626795 0.15311004784688995 0.3145933014354067
1 0.16626794258373206 0.5358851674641149 0.16267942583732056 0.29784688995215314
1 0.3229665071770335 0.5370813397129187 0.15311004784688995 0.2942583732057416
1 0.48444976076555024 0.5406698564593302 0.14952153110047847 0.30023923444976075
1 0.6447368421052632 0.5370813397129187 0.15311004784688995 0.30980861244019137
1 0.8145933014354066 0.5430622009569378 0.14952153110047847 0.3062200956937799
1 0.10406698564593302 0.22129186602870812 0.16507177033492823 0.30741626794258375
1 0.2619617224880383 0.23086124401913877 0.1423444976076555 0.2942583732057416
1 0.4150717703349282 0.2332535885167464 0.13157894736842105 0.2966507177033493
1 0.5681818181818182 0.2332535885167464 0.14832535885167464 0.30741626794258375
1 0.7236842105263158 0.2332535885167464 0.15311004784688995 0.3014354066985646
1 0.8875598086124402 0.22009569377990432 0.14832535885167464 0.3145933014354067