1 0.2631578947368421 0.8528708133971292 0.18660287081339713 0.2942583732057416
1 0.5131578947368421 0.8444976076555024 0.18421052631578946 0.31100478468899523
1 0.7404306220095693 0.8253588516746412 0.17464114832535885 0.3253588516746411
1 0.16985645933014354 0.5598086124401914 0.18421052631578946 0.31100478468899523
1 0.326555023923445 0.5514354066985646 0.1722488038277512 0.3062200956937799
1 0.4880382775119617 0.5454545454545454 0.16985645933014354 0.31100478468899523
1 0.6471291866028708 0.5299043062200957 0.17464114832535885 0.32057416267942584
1 0.8169856459330144 0.5263157894736842 0.16985645933014354 0.3181818181818182
1 0.08971291866028708 0.2511961722488038 0.17942583732057416 0.32057416267942584
1 0.24401913875598086 0.25 0.16267942583732056 0.3038277511961722
1 0.39712918660287083 0.24162679425837322 0.15311004784688995 0.3062200956937799
1 0.5490430622009569 0.23205741626794257 0.16985645933014354 0.32057416267942584
1 0.7045454545454546 0.22129186602870812 0.17464114832535885 0.3133971291866029
1 0.8672248803827751 0.19976076555023922 0.16985645933014354 0.3253588516746411