0 0.14952153110047847 0.2619617224880383 0.291866028708134 0.4342105263157895
0 0.4988038277511962 0.25717703349282295 0.388755980861244 0.4138755980861244
0 0.8564593301435407 0.2332535885167464 0.28708133971291866 0.37679425837320574
0 0.1339712918660287 0.6638755980861244 0.26674641148325356 0.37200956937799046
0 0.48086124401913877 0.6698564593301436 0.4090909090909091 0.44019138755980863
0 0.8576555023923444 0.6674641148325359 0.284688995215311 0.40669856459330145
2 0.13157894736842105 0.10526315789473684 0.1339712918660287 0.0861244019138756
2 0.5 0.08851674641148326 0.16148325358851676 0.09569377990430622
2 0.07535885167464115 0.5514354066985646 0.13157894736842105 0.1076555023923445
2 0.47368421052631576 0.5191387559808612 0.1471291866028708 0.09210526315789473
2 0.9138755980861244 0.527511961722488 0.16267942583732056 0.10645933014354067