0 0.7978468899521531 0.7177033492822966 0.4043062200956938 0.291866028708134
0 0.4880382775119617 0.1375598086124402 0.34210526315789475 0.25598086124401914
0 0.24043062200956938 0.27751196172248804 0.16267942583732056 0.430622009569378
0 0.08971291866028708 0.2834928229665072 0.1722488038277512 0.44258373205741625
0 0.1375598086124402 0.69377990430622 0.18421052631578946 0.34688995215311
0 0.3145933014354067 0.6782296650717703 0.17942583732057416 0.39712918660287083
0 0.5023923444976076 0.6650717703349283 0.20334928229665072 0.3181818181818182
0 0.49521531100478466 0.38636363636363635 0.3277511961722488 0.2751196172248804
0 0.868421052631579 0.2811004784688995 0.16267942583732056 0.5478468899521531
0 0.7368421052631579 0.3253588516746411 0.15789473684210525 0.507177033492823
2 0.8588516746411483 0.06339712918660287 0.05980861244019139 0.0645933014354067
2 0.7212918660287081 0.12200956937799043 0.07655502392344497 0.08133971291866028
2 0.9545454545454546 0.6734449760765551 0.05502392344497608 0.08373205741626795
2 0.4569377990430622 0.55622009569378 0.05741626794258373 0.07655502392344497
2 0.3444976076555024 0.08732057416267942 0.0645933014354067 0.08133971291866028
2 0.25 0.08133971291866028 0.07416267942583732 0.05502392344497608
2 0.11722488038277512 0.09808612440191387 0.06698564593301436 0.0645933014354067
2 0.07535885167464115 0.562200956937799 0.05980861244019139 0.09090909090909091
2 0.3145933014354067 0.5095693779904307 0.06220095693779904 0.050239234449760764
2 0.35526315789473684 0.3157894736842105 0.0645933014354067 0.0861244019138756