0 0.7739234449760766 0.7523923444976076 0.40669856459330145 0.284688995215311
0 0.5322966507177034 0.13875598086124402 0.3373205741626794 0.2511961722488038
0 0.2703349282296651 0.24760765550239233 0.15550239234449761 0.42822966507177035
0 0.11842105263157894 0.23444976076555024 0.16507177033492823 0.44019138755980863
0 0.11602870813397129 0.6471291866028708 0.17942583732057416 0.3444976076555024
0 0.2942583732057416 0.6543062200956937 0.1722488038277512 0.39473684210526316
0 0.4820574162679426 0.6638755980861244 0.19856459330143542 0.3157894736842105
0 0.5095693779904307 0.38636363636363635 0.3229665071770335 0.2703349282296651
0 0.8923444976076556 0.3277511961722488 0.15311004784688995 0.5454545454545454
0 0.757177033492823 0.35526315789473684 0.14832535885167464 0.5047846889952153
2 0.9102870813397129 0.11004784688995216 0.05741626794258373 0.0645933014354067
2 0.7667464114832536 0.1519138755980861 0.07655502392344497 0.08133971291866028
2 0.930622009569378 0.7272727272727273 0.05502392344497608 0.08373205741626795
2 0.45095693779904306 0.5502392344497608 0.05741626794258373 0.07655502392344497
2 0.39593301435406697 0.07177033492822966 0.0645933014354067 0.08133971291866028
2 0.3026315789473684 0.05382775119617225 0.07416267942583732 0.05502392344497608
2 0.1686602870813397 0.05382775119617225 0.0645933014354067 0.0645933014354067
2 0.07057416267942583 0.5095693779904307 0.05980861244019139 0.08851674641148326
2 0.3145933014354067 0.4868421052631579 0.06220095693779904 0.04784688995215311
2 0.3791866028708134 0.29904306220095694 0.0645933014354067 0.0861244019138756