0 0.21291866028708134 0.7380382775119617 0.39354066985645936 0.26555023923444976
0 0.4868421052631579 0.1375598086124402 0.326555023923445 0.23444976076555024
0 0.742822966507177 0.2595693779904306 0.13277511961722488 0.4222488038277512
0 0.8947368421052632 0.25478468899521534 0.1423444976076555 0.43301435406698563
0 0.8755980861244019 0.6674641148325359 0.16148325358851676 0.3361244019138756
0 0.6973684210526315 0.6650717703349283 0.15311004784688995 0.38636363636363635
0 0.5095693779904307 0.6650717703349283 0.18181818181818182 0.3062200956937799
0 0.4964114832535885 0.38636363636363635 0.31100478468899523 0.2535885167464115
0 0.11722488038277512 0.30741626794258375 0.12440191387559808 0.5394736842105263
0 0.2511961722488038 0.34210526315789475 0.12320574162679426 0.4988038277511962
2 0.11124401913875598 0.08971291866028708 0.05502392344497608 0.061004784688995214
2 0.25239234449760767 0.13875598086124402 0.07177033492822966 0.07655502392344497
2 0.05861244019138756 0.7045454545454546 0.050239234449760764 0.08133971291866028
2 0.5466507177033493 0.5526315789473685 0.05263157894736842 0.0729665071770335
2 0.6267942583732058 0.07775119617224881 0.05980861244019139 0.07775119617224881
2 0.7200956937799043 0.0645933014354067 0.07057416267942583 0.050239234449760764
2 0.854066985645933 0.07177033492822966 0.06220095693779904 0.061004784688995214
2 0.9282296650717703 0.5322966507177034 0.05502392344497608 0.0861244019138756
2 0.6854066985645934 0.4964114832535885 0.05980861244019139 0.045454545454545456
2 0.631578947368421 0.3062200956937799 0.05980861244019139 0.08253588516746412