0 0.8528708133971292 0.3181818181818182 0.2942583732057416 0.47368421052631576
0 0.5394736842105263 0.2607655502392344 0.44976076555023925 0.4688995215311005
0 0.1901913875598086 0.1937799043062201 0.34210526315789475 0.3875598086124402
0 0.8361244019138756 0.7188995215311005 0.32057416267942584 0.4090909090909091
0 0.49282296650717705 0.6710526315789473 0.47368421052631576 0.49760765550239233
0 0.145933014354067 0.6088516746411483 0.291866028708134 0.4473684210526316
2 0.9258373205741627 0.1674641148325359 0.145933014354067 0.10526315789473684
2 0.5645933014354066 0.09330143540669857 0.17464114832535885 0.11961722488038277
2 0.9114832535885168 0.6172248803827751 0.145933014354067 0.12679425837320574
2 0.5227272727272727 0.5227272727272727 0.16028708133971292 0.11483253588516747
2 0.08732057416267942 0.46291866028708134 0.17464114832535885 0.13157894736842105