0 0.7870813397129187 0.2619617224880383 0.39354066985645936 0.26555023923444976
0 0.5131578947368421 0.8624401913875598 0.326555023923445 0.23444976076555024
0 0.25717703349282295 0.7404306220095693 0.13277511961722488 0.4222488038277512
0 0.10526315789473684 0.7452153110047847 0.1423444976076555 0.43301435406698563
0 0.12440191387559808 0.33253588516746413 0.16148325358851676 0.3361244019138756
0 0.3026315789473684 0.3349282296650718 0.15311004784688995 0.38636363636363635
0 0.4904306220095694 0.3349282296650718 0.18181818181818182 0.3062200956937799
0 0.5035885167464115 0.6136363636363636 0.31100478468899523 0.2535885167464115
0 0.8827751196172249 0.6925837320574163 0.12440191387559808 0.5394736842105263
0 0.7488038277511961 0.6578947368421053 0.12320574162679426 0.4988038277511962
2 0.888755980861244 0.9102870813397129 0.05502392344497608 0.061004784688995214
2 0.7476076555023924 0.861244019138756 0.07177033492822966 0.07655502392344497
2 0.9413875598086124 0.29545454545454547 0.050239234449760764 0.08133971291866028
2 0.4533492822966507 0.4473684210526316 0.05263157894736842 0.0729665071770335
2 0.37320574162679426 0.9222488038277512 0.05980861244019139 0.07775119617224881
2 0.2799043062200957 0.9354066985645934 0.07057416267942583 0.050239234449760764
2 0.145933014354067 0.9282296650717703 0.06220095693779904 0.061004784688995214
2 0.07177033492822966 0.4677033492822967 0.05502392344497608 0.0861244019138756
2 0.3145933014354067 0.5035885167464115 0.05980861244019139 0.045454545454545456
2 0.3684210526315789 0.69377990430622 0.05980861244019139 0.08253588516746412