0 0.7703349282296651 0.6590909090909091 0.14114832535885166 0.35645933014354064
0 0.6782296650717703 0.65311004784689 0.11722488038277512 0.32057416267942584
0 0.5909090909090909 0.6279904306220095 0.11722488038277512 0.3133971291866029
0 0.507177033492823 0.6363636363636364 0.1291866028708134 0.29904306220095694
0 0.4090909090909091 0.6255980861244019 0.11244019138755981 0.32057416267942584
0 0.33373205741626794 0.6208133971291866 0.11483253588516747 0.3014354066985646
0 0.2332535885167464 0.631578947368421 0.10287081339712918 0.3181818181818182
2 0.7966507177033493 0.5191387559808612 0.07894736842105263 0.05502392344497608
2 0.69377990430622 0.5131578947368421 0.06698564593301436 0.05263157894736842
2 0.6052631578947368 0.5131578947368421 0.07177033492822966 0.05263157894736842
2 0.5215311004784688 0.5155502392344498 0.0645933014354067 0.045454545454545456
2 0.43301435406698563 0.5 0.06220095693779904 0.03827751196172249
2 0.3373205741626794 0.5 0.07177033492822966 0.05980861244019139
2 0.24401913875598086 0.49760765550239233 0.0645933014354067 0.05741626794258373