0 0.12799043062200957 0.6088516746411483 0.12679425837320574 0.30980861244019137
0 0.22727272727272727 0.611244019138756 0.1423444976076555 0.3456937799043062
0 0.34330143540669855 0.6220095693779905 0.1339712918660287 0.361244019138756
0 0.4366028708133971 0.5921052631578947 0.09330143540669857 0.32177033492822965
0 0.5442583732057417 0.5944976076555024 0.10526315789473684 0.2894736842105263
0 0.6483253588516746 0.604066985645933 0.13157894736842105 0.3181818181818182
0 0.36483253588516745 0.361244019138756 0.11722488038277512 0.21291866028708134
0 0.47129186602870815 0.35047846889952156 0.12320574162679426 0.19856459330143542
0 0.5645933014354066 0.36483253588516745 0.09330143540669857 0.20574162679425836
0 0.6758373205741627 0.388755980861244 0.12799043062200957 0.24880382775119617
0 0.7822966507177034 0.4138755980861244 0.12200956937799043 0.31100478468899523
0 0.8875598086124402 0.41746411483253587 0.1339712918660287 0.3145933014354067
3 0.13636363636363635 0.5885167464114832 0.11722488038277512 0.08133971291866028
3 0.23923444976076555 0.5885167464114832 0.1076555023923445 0.06698564593301436
3 0.33373205741626794 0.5885167464114832 0.09090909090909091 0.056220095693779906
3 0.44258373205741625 0.5777511961722488 0.08732057416267942 0.05980861244019139
3 0.5358851674641149 0.583732057416268 0.06698564593301436 0.05980861244019139
3 0.3576555023923445 0.3875598086124402 0.09330143540669857 0.08014354066985646
3 0.4677033492822967 0.39354066985645936 0.10047846889952153 0.0729665071770335
3 0.5681818181818182 0.388755980861244 0.08133971291866028 0.06698564593301436
3 0.6722488038277512 0.388755980861244 0.08851674641148326 0.07057416267942583
3 0.7739234449760766 0.38636363636363635 0.08133971291866028 0.07655502392344497
2 0.35167464114832536 0.2715311004784689 0.06220095693779904 0.039473684210526314
2 0.458133971291866 0.27631578947368424 0.0729665071770335 0.05263157894736842
2 0.5705741626794258 0.27631578947368424 0.05263157894736842 0.04066985645933014
2 0.6698564593301436 0.2799043062200957 0.06698564593301436 0.039473684210526314
2 0.7643540669856459 0.27751196172248804 0.06578947368421052 0.039473684210526314
2 0.8648325358851675 0.27631578947368424 0.07775119617224881 0.03708133971291866
2 0.12679425837320574 0.47248803827751196 0.061004784688995214 0.034688995215311005
2 0.2284688995215311 0.4677033492822967 0.07775119617224881 0.05502392344497608
2 0.33014354066985646 0.47129186602870815 0.07655502392344497 0.04665071770334928
2 0.4318181818181818 0.4700956937799043 0.08492822966507177 0.039473684210526314
2 0.5394736842105263 0.47129186602870815 0.05741626794258373 0.041866028708133975
2 0.6327751196172249 0.4700956937799043 0.06818181818181818 0.045454545454545456