0 0.7129186602870813 0.3803827751196172 0.07177033492822966 0.45454545454545453
0 0.6291866028708134 0.37440191387559807 0.12440191387559808 0.5119617224880383
0 0.5382775119617225 0.37440191387559807 0.10287081339712918 0.46411483253588515
0 0.43899521531100477 0.38995215311004783 0.05980861244019139 0.41148325358851673
0 0.36483253588516745 0.37320574162679426 0.09808612440191387 0.5287081339712919
0 0.27392344497607657 0.39593301435406697 0.11244019138755981 0.45933014354066987
3 0.645933014354067 0.41746411483253587 0.11961722488038277 0.10047846889952153
3 0.5466507177033493 0.41866028708133973 0.10047846889952153 0.08133971291866028
3 0.7260765550239234 0.41746411483253587 0.08133971291866028 0.07177033492822966
3 0.38995215311004783 0.41985645933014354 0.11244019138755981 0.08133971291866028
3 0.2703349282296651 0.4055023923444976 0.10526315789473684 0.0861244019138756
3 0.4605263157894737 0.41985645933014354 0.06220095693779904 0.07177033492822966
2 0.6435406698564593 0.604066985645933 0.07177033492822966 0.06220095693779904
2 0.5574162679425837 0.5921052631578947 0.06220095693779904 0.05502392344497608
2 0.4354066985645933 0.5801435406698564 0.05741626794258373 0.045454545454545456
2 0.3815789473684211 0.604066985645933 0.07655502392344497 0.04784688995215311
2 0.2930622009569378 0.5933014354066986 0.07177033492822966 0.05263157894736842
2 0.69377990430622 0.5753588516746412 0.0645933014354067 0.05263157894736842