0 0.17703349282296652 0.23564593301435408 0.23923444976076555 0.47129186602870815
0 0.3157894736842105 0.2535885167464115 0.23444976076555024 0.507177033492823
0 0.46291866028708134 0.27751196172248804 0.24401913875598086 0.5502392344497608
0 0.6172248803827751 0.31698564593301437 0.24641148325358853 0.5358851674641149
0 0.7715311004784688 0.3696172248803828 0.24641148325358853 0.5143540669856459
0 0.895933014354067 0.42105263157894735 0.20813397129186603 0.4880382775119617
0 0.8157894736842105 0.8636363636363636 0.20095693779904306 0.2727272727272727
0 0.6602870813397129 0.833732057416268 0.19617224880382775 0.2894736842105263
0 0.5203349282296651 0.8014354066985646 0.22009569377990432 0.3588516746411483
0 0.361244019138756 0.7488038277511961 0.22248803827751196 0.3803827751196172
0 0.21052631578947367 0.7188995215311005 0.23923444976076555 0.4449760765550239
0 0.07775119617224881 0.6638755980861244 0.15550239234449761 0.38995215311004783