0 0.8744019138755981 0.39593301435406697 0.12679425837320574 0.3349282296650718
0 0.7320574162679426 0.37440191387559807 0.11842105263157894 0.3480861244019139
0 0.5980861244019139 0.3791866028708134 0.11124401913875598 0.3373205741626794
0 0.4605263157894737 0.3672248803827751 0.1076555023923445 0.3145933014354067
0 0.3253588516746411 0.361244019138756 0.10526315789473684 0.3014354066985646
0 0.24282296650717702 0.4102870813397129 0.09688995215311005 0.3576555023923445
0 0.7739234449760766 0.6028708133971292 0.12320574162679426 0.26674641148325356
0 0.6435406698564593 0.6016746411483254 0.12320574162679426 0.2595693779904306
0 0.5191387559808612 0.5980861244019139 0.12081339712918661 0.2595693779904306
0 0.39354066985645936 0.5980861244019139 0.12440191387559808 0.25478468899521534
0 0.2583732057416268 0.5980861244019139 0.13157894736842105 0.29066985645933013
0 0.10645933014354067 0.5885167464114832 0.12679425837320574 0.31698564593301437
3 0.8624401913875598 0.3588516746411483 0.13636363636363635 0.11124401913875598
3 0.7511961722488039 0.3696172248803828 0.1423444976076555 0.12679425837320574
3 0.6232057416267942 0.36363636363636365 0.13875598086124402 0.11124401913875598
3 0.4796650717703349 0.3624401913875598 0.13875598086124402 0.08851674641148326
3 0.35287081339712917 0.35645933014354064 0.10645933014354067 0.09808612440191387
3 0.22009569377990432 0.37200956937799046 0.12320574162679426 0.11602870813397129
3 0.1255980861244019 0.5311004784688995 0.12320574162679426 0.0861244019138756
3 0.2619617224880383 0.5382775119617225 0.14114832535885166 0.07177033492822966
3 0.4090909090909091 0.527511961722488 0.08014354066985646 0.050239234449760764
3 0.5131578947368421 0.534688995215311 0.11363636363636363 0.07057416267942583
3 0.6411483253588517 0.5406698564593302 0.14473684210526316 0.0645933014354067
3 0.7763157894736842 0.5418660287081339 0.12320574162679426 0.05263157894736842
2 0.1339712918660287 0.722488038277512 0.06818181818181818 0.04665071770334928
2 0.2619617224880383 0.7105263157894737 0.07775119617224881 0.056220095693779906
2 0.38995215311004783 0.7105263157894737 0.0729665071770335 0.05143540669856459
2 0.5191387559808612 0.7165071770334929 0.07535885167464115 0.041866028708133975
2 0.6423444976076556 0.7105263157894737 0.08014354066985646 0.05143540669856459
2 0.7739234449760766 0.7129186602870813 0.07655502392344497 0.05263157894736842
2 0.8660287081339713 0.5538277511961722 0.07057416267942583 0.04784688995215311
2 0.7380382775119617 0.5550239234449761 0.07177033492822966 0.050239234449760764
2 0.611244019138756 0.55622009569378 0.07057416267942583 0.05263157894736842
2 0.48564593301435405 0.5550239234449761 0.0729665071770335 0.050239234449760764
2 0.3576555023923445 0.5574162679425837 0.06698564593301436 0.050239234449760764
2 0.22727272727272727 0.5681818181818182 0.07057416267942583 0.05980861244019139