0 0.8385167464114832 0.5861244019138756 0.11244019138755981 0.3684210526315789
0 0.645933014354067 0.5933014354066986 0.12440191387559808 0.3253588516746411
0 0.4892344497607656 0.5861244019138756 0.11244019138755981 0.3349282296650718
0 0.08253588516746412 0.645933014354067 0.12679425837320574 0.3444976076555024
0 0.2117224880382775 0.5705741626794258 0.06698564593301436 0.2631578947368421
0 0.15311004784688995 0.6136363636363636 0.0861244019138756 0.2966507177033493
2 0.6064593301435407 0.2799043062200957 0.05741626794258373 0.05502392344497608
2 0.22248803827751196 0.37559808612440193 0.06220095693779904 0.05263157894736842
2 0.0861244019138756 0.5251196172248804 0.10047846889952153 0.06698564593301436
2 0.6949760765550239 0.5430622009569378 0.07655502392344497 0.050239234449760764
2 0.9126794258373205 0.5179425837320574 0.09090909090909091 0.05741626794258373
2 0.7978468899521531 0.32057416267942584 0.06220095693779904 0.04784688995215311
2 0.8433014354066986 0.4246411483253589 0.12440191387559808 0.06698564593301436
2 0.48325358851674644 0.3827751196172249 0.06698564593301436 0.03827751196172249
2 0.6244019138755981 0.3791866028708134 0.06698564593301436 0.03588516746411483