0 0.09449760765550239 0.666267942583732 0.18899521531100477 0.5430622009569378
0 0.23086124401913877 0.6854066985645934 0.18899521531100477 0.5526315789473685
0 0.38516746411483255 0.69377990430622 0.20095693779904306 0.5478468899521531
0 0.5442583732057417 0.7129186602870813 0.20574162679425836 0.5334928229665071
0 0.7069377990430622 0.7188995215311005 0.20574162679425836 0.5095693779904307
0 0.8588516746411483 0.7212918660287081 0.20574162679425836 0.48325358851674644
0 0.9174641148325359 0.2679425837320574 0.16507177033492823 0.27751196172248804
0 0.7691387559808612 0.2452153110047847 0.17703349282296652 0.2822966507177033
0 0.6267942583732058 0.22607655502392343 0.1937799043062201 0.35167464114832536
0 0.4605263157894737 0.21770334928229665 0.1937799043062201 0.37320574162679426
0 0.30741626794258375 0.20454545454545456 0.20334928229665072 0.4090909090909091
0 0.1471291866028708 0.1901913875598086 0.16028708133971292 0.3803827751196172