0 0.9090909090909091 0.33014354066985646 0.15789473684210525 0.3684210526315789
0 0.7308612440191388 0.33373205741626794 0.215311004784689 0.3875598086124402
0 0.215311004784689 0.38516746411483255 0.21052631578947367 0.4019138755980861
0 0.06339712918660287 0.41985645933014354 0.12679425837320574 0.35645933014354064
0 0.8217703349282297 0.7081339712918661 0.18421052631578946 0.35406698564593303
0 0.6782296650717703 0.7177033492822966 0.14354066985645933 0.32057416267942584
0 0.5717703349282297 0.722488038277512 0.1507177033492823 0.3253588516746411
0 0.4533492822966507 0.7308612440191388 0.18899521531100477 0.33014354066985646
0 0.326555023923445 0.7332535885167464 0.15550239234449761 0.3349282296650718
0 0.20334928229665072 0.7643540669856459 0.18899521531100477 0.37559808612440193
3 0.9138755980861244 0.37679425837320574 0.1339712918660287 0.0861244019138756
3 0.7703349282296651 0.3684210526315789 0.11961722488038277 0.09090909090909091
3 0.22966507177033493 0.40311004784689 0.1507177033492823 0.09330143540669857
3 0.07535885167464115 0.44138755980861244 0.11004784688995216 0.05980861244019139
3 0.812200956937799 0.7320574162679426 0.13157894736842105 0.08851674641148326
3 0.6973684210526315 0.7320574162679426 0.11961722488038277 0.09330143540669857
3 0.583732057416268 0.7416267942583732 0.10287081339712918 0.06698564593301436
3 0.465311004784689 0.7547846889952153 0.10526315789473684 0.0645933014354067
3 0.3409090909090909 0.7811004784688995 0.12200956937799043 0.07655502392344497
3 0.20334928229665072 0.7930622009569378 0.1291866028708134 0.07655502392344497
2 0.833732057416268 0.8480861244019139 0.07655502392344497 0.05263157894736842
2 0.7009569377990431 0.8504784688995215 0.06937799043062201 0.05741626794258373
2 0.5789473684210527 0.8552631578947368 0.07416267942583732 0.04784688995215311
2 0.48086124401913877 0.8648325358851675 0.0645933014354067 0.05263157894736842
2 0.3480861244019139 0.8875598086124402 0.08133971291866028 0.04784688995215311
2 0.21889952153110048 0.90311004784689 0.10047846889952153 0.05263157894736842
2 0.9294258373205742 0.4904306220095694 0.06937799043062201 0.045454545454545456
2 0.7655502392344498 0.4988038277511962 0.09569377990430622 0.0430622009569378
2 0.24282296650717702 0.5370813397129187 0.08851674641148326 0.05741626794258373
2 0.07775119617224881 0.562200956937799 0.07416267942583732 0.050239234449760764