0 0.2822966507177033 0.40669856459330145 0.16985645933014354 0.3349282296650718
0 0.7882775119617225 0.5334928229665071 0.19856459330143542 0.4473684210526316
0 0.6423444976076556 0.4916267942583732 0.18421052631578946 0.39952153110047844
0 0.5143540669856459 0.47129186602870815 0.1674641148325359 0.361244019138756
0 0.39712918660287083 0.44138755980861244 0.14114832535885166 0.35645933014354064
0 0.18181818181818182 0.39593301435406697 0.1339712918660287 0.32057416267942584
2 0.7691387559808612 0.7081339712918661 0.10287081339712918 0.07655502392344497
2 0.6255980861244019 0.645933014354067 0.09569377990430622 0.0645933014354067
2 0.4988038277511962 0.604066985645933 0.08373205741626795 0.05980861244019139
2 0.3827751196172249 0.5681818181818182 0.07177033492822966 0.05263157894736842
2 0.27392344497607657 0.5406698564593302 0.06937799043062201 0.045454545454545456
2 0.173444976076555 0.4892344497607656 0.09090909090909091 0.0645933014354067