0 0.8133971291866029 0.3456937799043062 0.18660287081339713 0.3827751196172249
0 0.6232057416267942 0.37799043062200954 0.18899521531100477 0.3444976076555024
0 0.47129186602870815 0.41746411483253587 0.17942583732057416 0.35167464114832536
0 0.3444976076555024 0.49282296650717705 0.16267942583732056 0.3397129186602871
0 0.07894736842105263 0.44258373205741625 0.15789473684210525 0.36363636363636365
0 0.20334928229665072 0.4904306220095694 0.11961722488038277 0.2703349282296651
0 0.1375598086124402 0.4605263157894737 0.145933014354067 0.30861244019138756
2 0.6495215311004785 0.6925837320574163 0.06698564593301436 0.0645933014354067
2 0.25478468899521534 0.6794258373205742 0.07177033492822966 0.0645933014354067
2 0.08971291866028708 0.5610047846889952 0.11244019138755981 0.0861244019138756
2 0.6818181818181818 0.41746411483253587 0.0861244019138756 0.0645933014354067
2 0.8995215311004785 0.39712918660287083 0.10047846889952153 0.07416267942583732
2 0.8289473684210527 0.6136363636363636 0.06937799043062201 0.05741626794258373
2 0.8516746411483254 0.5023923444976076 0.13636363636363635 0.09330143540669857
2 0.5083732057416268 0.618421052631579 0.07177033492822966 0.05263157894736842
2 0.6471291866028708 0.5921052631578947 0.07416267942583732 0.050239234449760764