0 0.31698564593301437 0.6614832535885168 0.16507177033492823 0.45933014354066987
0 0.39952153110047844 0.6495215311004785 0.22727272727272727 0.5263157894736842
0 0.4892344497607656 0.6303827751196173 0.19617224880382775 0.47368421052631576
0 0.5825358851674641 0.5944976076555024 0.14354066985645933 0.4138755980861244
0 0.6590909090909091 0.5956937799043063 0.20574162679425836 0.5382775119617225
0 0.742822966507177 0.5550239234449761 0.20574162679425836 0.47368421052631576
3 0.37440191387559807 0.611244019138756 0.13636363636363635 0.12200956937799043
3 0.47129186602870815 0.5897129186602871 0.11483253588516747 0.10047846889952153
3 0.29545454545454547 0.6279904306220095 0.09330143540669857 0.0861244019138756
3 0.6244019138755981 0.5550239234449761 0.12679425837320574 0.10526315789473684
3 0.7440191387559809 0.5442583732057417 0.12200956937799043 0.10526315789473684
3 0.5550239234449761 0.5705741626794258 0.07655502392344497 0.08373205741626795
2 0.33851674641148327 0.42822966507177035 0.08373205741626795 0.07655502392344497
2 0.4246411483253589 0.4222488038277512 0.07177033492822966 0.06698564593301436
2 0.5466507177033493 0.40789473684210525 0.0645933014354067 0.05741626794258373
2 0.5944976076555024 0.37320574162679426 0.08373205741626795 0.06220095693779904
2 0.6830143540669856 0.3660287081339713 0.07894736842105263 0.06698564593301436
2 0.2942583732057416 0.4665071770334928 0.07416267942583732 0.0645933014354067