0 0.21052631578947367 0.4473684210526316 0.2607655502392344 0.36363636363636365
0 0.37320574162679426 0.45933014354066987 0.2703349282296651 0.35406698564593303
0 0.5825358851674641 0.43899521531100477 0.3349282296650718 0.4784688995215311
0 0.3253588516746411 0.638755980861244 0.17703349282296652 0.15550239234449761
0 0.4772727272727273 0.6196172248803827 0.1674641148325359 0.15789473684210525
0 0.6519138755980861 0.5574162679425837 0.2583732057416268 0.3038277511961722
0 0.45215311004784686 0.6913875598086124 0.11961722488038277 0.12679425837320574
0 0.38516746411483255 0.6830143540669856 0.1339712918660287 0.16267942583732056
0 0.5980861244019139 0.7069377990430622 0.15550239234449761 0.13157894736842105
2 0.5705741626794258 0.5944976076555024 0.1339712918660287 0.11004784688995216
2 0.37440191387559807 0.5909090909090909 0.12200956937799043 0.09569377990430622
2 0.21052631578947367 0.5801435406698564 0.11483253588516747 0.09330143540669857
2 0.4677033492822967 0.6435406698564593 0.09090909090909091 0.09090909090909091
2 0.6363636363636364 0.65311004784689 0.11722488038277512 0.10287081339712918
2 0.3133971291866029 0.6351674641148325 0.09090909090909091 0.0645933014354067
2 0.47129186602870815 0.7081339712918661 0.07177033492822966 0.05741626794258373
2 0.4007177033492823 0.6842105263157895 0.07894736842105263 0.0645933014354067
2 0.604066985645933 0.7212918660287081 0.0861244019138756 0.07177033492822966
2 0.5394736842105263 0.6961722488038278 0.06220095693779904 0.05741626794258373