0 0.15311004784688995 0.75 0.19617224880382775 0.5
0 0.2930622009569378 0.7380382775119617 0.18899521531100477 0.5239234449760766
0 0.4437799043062201 0.7177033492822966 0.20095693779904306 0.5478468899521531
0 0.6004784688995215 0.6925837320574163 0.20574162679425836 0.5334928229665071
0 0.7595693779904307 0.65311004784689 0.20574162679425836 0.5095693779904307
0 0.9007177033492823 0.6124401913875598 0.19856459330143542 0.48325358851674644
0 0.84688995215311 0.1590909090909091 0.18181818181818182 0.27751196172248804
0 0.687799043062201 0.180622009569378 0.17703349282296652 0.2822966507177033
0 0.5466507177033493 0.20095693779904306 0.1937799043062201 0.35167464114832536
0 0.3839712918660287 0.23923444976076555 0.1937799043062201 0.37320574162679426
0 0.22966507177033493 0.25598086124401914 0.20334928229665072 0.43779904306220097
0 0.07775119617224881 0.2966507177033493 0.15550239234449761 0.3875598086124402