0 0.7906698564593302 0.40789473684210525 0.16028708133971292 0.31100478468899523
0 0.6674641148325359 0.37320574162679426 0.1339712918660287 0.28708133971291866
0 0.7667464114832536 0.6279904306220095 0.18899521531100477 0.39473684210526316
0 0.611244019138756 0.5992822966507177 0.17464114832535885 0.38995215311004783
0 0.5311004784688995 0.5933014354066986 0.13636363636363635 0.37559808612440193
0 0.4258373205741627 0.5789473684210527 0.16267942583732056 0.39952153110047844
0 0.3050239234449761 0.55622009569378 0.145933014354067 0.3684210526315789
0 0.18421052631578946 0.5430622009569378 0.15550239234449761 0.36363636363636365
0 0.5550239234449761 0.36483253588516745 0.13875598086124402 0.2751196172248804
0 0.43899521531100477 0.3456937799043062 0.14832535885167464 0.3062200956937799
0 0.32894736842105265 0.3241626794258373 0.12200956937799043 0.2679425837320574
0 0.20454545454545456 0.3277511961722488 0.16267942583732056 0.30861244019138756
3 0.7966507177033493 0.4090909090909091 0.12440191387559808 0.07177033492822966
3 0.6818181818181818 0.3803827751196172 0.12200956937799043 0.08373205741626795
3 0.5610047846889952 0.3708133971291866 0.12440191387559808 0.06937799043062201
3 0.44138755980861244 0.35526315789473684 0.11722488038277512 0.06220095693779904
3 0.3349282296650718 0.3361244019138756 0.11244019138755981 0.06937799043062201
3 0.21291866028708134 0.32057416267942584 0.12679425837320574 0.07177033492822966
3 0.1901913875598086 0.5047846889952153 0.12440191387559808 0.06698564593301436
3 0.30861244019138756 0.5203349282296651 0.11244019138755981 0.07177033492822966
3 0.42105263157894735 0.534688995215311 0.11004784688995216 0.06937799043062201
3 0.534688995215311 0.5514354066985646 0.1076555023923445 0.07177033492822966
3 0.6507177033492823 0.5669856459330144 0.10287081339712918 0.0645933014354067
3 0.7655502392344498 0.5801435406698564 0.1076555023923445 0.06698564593301436
2 0.8145933014354066 0.27870813397129185 0.08373205741626795 0.05263157894736842
2 0.6985645933014354 0.2607655502392344 0.07655502392344497 0.050239234449760764
2 0.5801435406698564 0.24880382775119617 0.08133971291866028 0.050239234449760764
2 0.46411483253588515 0.2332535885167464 0.08851674641148326 0.05263157894736842
2 0.35287081339712917 0.21770334928229665 0.08373205741626795 0.05263157894736842
2 0.24401913875598086 0.20574162679425836 0.0861244019138756 0.0430622009569378
2 0.7930622009569378 0.458133971291866 0.08373205741626795 0.03588516746411483
2 0.6734449760765551 0.44019138755980863 0.08373205741626795 0.05263157894736842
2 0.5574162679425837 0.4222488038277512 0.09569377990430622 0.05263157894736842
2 0.43779904306220097 0.4126794258373206 0.08133971291866028 0.05263157894736842
2 0.32894736842105265 0.39952153110047844 0.08133971291866028 0.04784688995215311
2 0.21291866028708134 0.3815789473684211 0.09090909090909091 0.04784688995215311