0 0.26913875598086123 0.5813397129186603 0.1507177033492823 0.45933014354066987
0 0.35047846889952156 0.6016746411483254 0.21052631578947367 0.5239234449760766
0 0.44019138755980863 0.6172248803827751 0.18181818181818182 0.47368421052631576
0 0.5406698564593302 0.618421052631579 0.1291866028708134 0.41626794258373206
0 0.611244019138756 0.6483253588516746 0.18899521531100477 0.5382775119617225
0 0.7045454545454546 0.6411483253588517 0.19138755980861244 0.47368421052631576
3 0.34210526315789475 0.55622009569378 0.1339712918660287 0.11961722488038277
3 0.44019138755980863 0.5717703349282297 0.11244019138755981 0.09808612440191387
3 0.2631578947368421 0.5418660287081339 0.09330143540669857 0.08373205741626795
3 0.5944976076555024 0.5980861244019139 0.12440191387559808 0.10047846889952153
3 0.7093301435406698 0.6327751196172249 0.11961722488038277 0.10287081339712918
3 0.5251196172248804 0.5861244019138756 0.07416267942583732 0.08373205741626795
2 0.37679425837320574 0.37200956937799046 0.08133971291866028 0.07416267942583732
2 0.45933014354066987 0.39952153110047844 0.07177033492822966 0.0645933014354067
2 0.5777511961722488 0.4318181818181818 0.0645933014354067 0.05502392344497608
2 0.6351674641148325 0.41866028708133973 0.08133971291866028 0.05980861244019139
2 0.7200956937799043 0.4437799043062201 0.07894736842105263 0.0645933014354067
2 0.32177033492822965 0.3923444976076555 0.07177033492822966 0.06220095693779904