0 0.1255980861244019 0.6028708133971292 0.13157894736842105 0.31100478468899523
0 0.22488038277511962 0.6064593301435407 0.14832535885167464 0.3492822966507177
0 0.3409090909090909 0.6196172248803827 0.14114832535885166 0.36363636363636365
0 0.4354066985645933 0.5909090909090909 0.09808612440191387 0.3229665071770335
0 0.5430622009569378 0.5956937799043063 0.11004784688995216 0.291866028708134
0 0.645933014354067 0.6064593301435407 0.13636363636363635 0.32057416267942584
0 0.3672248803827751 0.3588516746411483 0.12200956937799043 0.215311004784689
0 0.47368421052631576 0.35047846889952156 0.12679425837320574 0.20095693779904306
0 0.5669856459330144 0.3660287081339713 0.09569377990430622 0.20813397129186603
0 0.6782296650717703 0.3923444976076555 0.13157894736842105 0.2511961722488038
0 0.7834928229665071 0.41866028708133973 0.12679425837320574 0.3133971291866029
0 0.888755980861244 0.4246411483253589 0.13875598086124402 0.3157894736842105
3 0.13516746411483255 0.5825358851674641 0.11961722488038277 0.08373205741626795
3 0.23803827751196172 0.583732057416268 0.1076555023923445 0.06937799043062201
3 0.33253588516746413 0.5861244019138756 0.09090909090909091 0.05741626794258373
3 0.44138755980861244 0.5765550239234449 0.08851674641148326 0.06220095693779904
3 0.534688995215311 0.5849282296650717 0.06698564593301436 0.05980861244019139
3 0.36004784688995217 0.38516746411483255 0.09569377990430622 0.08133971291866028
3 0.4700956937799043 0.39354066985645936 0.10287081339712918 0.07416267942583732
3 0.5705741626794258 0.38995215311004783 0.08133971291866028 0.06937799043062201
3 0.6746411483253588 0.3923444976076555 0.09090909090909091 0.07177033492822966
3 0.7763157894736842 0.3911483253588517 0.08373205741626795 0.07894736842105263
2 0.35526315789473684 0.26913875598086123 0.06220095693779904 0.04066985645933014
2 0.46172248803827753 0.2751196172248804 0.07416267942583732 0.05502392344497608
2 0.5741626794258373 0.27751196172248804 0.05263157894736842 0.04066985645933014
2 0.6734449760765551 0.2834928229665072 0.06698564593301436 0.04066985645933014
2 0.7679425837320574 0.2822966507177033 0.06698564593301436 0.04066985645933014
2 0.868421052631579 0.2822966507177033 0.07894736842105263 0.03827751196172249
2 0.12679425837320574 0.4665071770334928 0.06220095693779904 0.03588516746411483
2 0.22966507177033493 0.46291866028708134 0.07894736842105263 0.05741626794258373
2 0.33014354066985646 0.4688995215311005 0.07655502392344497 0.04784688995215311
2 0.4318181818181818 0.4688995215311005 0.0861244019138756 0.04066985645933014
2 0.5394736842105263 0.47248803827751196 0.05741626794258373 0.0430622009569378
2 0.6327751196172249 0.47248803827751196 0.06937799043062201 0.045454545454545456