0 0.07535885167464115 0.37320574162679426 0.1339712918660287 0.3588516746411483
0 0.2535885167464115 0.3588516746411483 0.18899521531100477 0.37559808612440193
0 0.7715311004784688 0.35645933014354064 0.18421052631578946 0.38995215311004783
0 0.9354066985645934 0.37320574162679426 0.1291866028708134 0.3492822966507177
0 0.20095693779904306 0.7404306220095693 0.16028708133971292 0.3444976076555024
0 0.3444976076555024 0.7344497607655502 0.12200956937799043 0.3133971291866029
0 0.45095693779904306 0.7296650717703349 0.1291866028708134 0.3157894736842105
0 0.5705741626794258 0.7248803827751196 0.1674641148325359 0.32057416267942584
0 0.6961722488038278 0.7141148325358851 0.13157894736842105 0.3277511961722488
0 0.8217703349282297 0.7320574162679426 0.16507177033492823 0.3660287081339713
3 0.07535885167464115 0.42105263157894735 0.1291866028708134 0.07894736842105263
3 0.21650717703349281 0.39712918660287083 0.11483253588516747 0.08133971291866028
3 0.7583732057416268 0.37559808612440193 0.145933014354067 0.08373205741626795
3 0.916267942583732 0.39712918660287083 0.10526315789473684 0.05263157894736842
3 0.21411483253588517 0.7631578947368421 0.12679425837320574 0.07894736842105263
3 0.32894736842105265 0.7523923444976076 0.11483253588516747 0.08373205741626795
3 0.44258373205741625 0.7488038277511961 0.09808612440191387 0.06220095693779904
3 0.5610047846889952 0.75 0.10287081339712918 0.05741626794258373
3 0.687799043062201 0.7631578947368421 0.11722488038277512 0.06698564593301436
3 0.8253588516746412 0.7595693779904307 0.12440191387559808 0.06698564593301436
2 0.20454545454545456 0.8803827751196173 0.07416267942583732 0.04784688995215311
2 0.3361244019138756 0.8696172248803827 0.0645933014354067 0.05263157894736842
2 0.458133971291866 0.8624401913875598 0.07177033492822966 0.0430622009569378
2 0.55622009569378 0.8600478468899522 0.06220095693779904 0.04784688995215311
2 0.6913875598086124 0.8696172248803827 0.07894736842105263 0.0430622009569378
2 0.8205741626794258 0.8708133971291866 0.09808612440191387 0.04784688995215311
2 0.07177033492822966 0.534688995215311 0.06698564593301436 0.04066985645933014
2 0.23564593301435408 0.5263157894736842 0.09330143540669857 0.03588516746411483
2 0.7595693779904307 0.5095693779904307 0.0861244019138756 0.05263157894736842
2 0.9258373205741627 0.5179425837320574 0.07177033492822966 0.04784688995215311