0 0.2679425837320574 0.4533492822966507 0.16985645933014354 0.3349282296650718
0 0.7894736842105263 0.47368421052631576 0.19856459330143542 0.4473684210526316
0 0.6375598086124402 0.46291866028708134 0.18421052631578946 0.39952153110047844
0 0.507177033492823 0.4688995215311005 0.1674641148325359 0.361244019138756
0 0.38636363636363635 0.46411483253588515 0.14114832535885166 0.35645933014354064
0 0.16626794258373206 0.46411483253588515 0.1339712918660287 0.32057416267942584
2 0.80622009569378 0.6483253588516746 0.10287081339712918 0.07655502392344497
2 0.65311004784689 0.6160287081339713 0.09569377990430622 0.0645933014354067
2 0.5203349282296651 0.6028708133971292 0.08373205741626795 0.05980861244019139
2 0.39952153110047844 0.5909090909090909 0.07177033492822966 0.05263157894736842
2 0.28827751196172247 0.5873205741626795 0.06937799043062201 0.045454545454545456
2 0.17942583732057416 0.5574162679425837 0.09090909090909091 0.0645933014354067