0 0.07775119617224881 0.6339712918660287 0.12799043062200957 0.3576555023923445
0 0.25598086124401914 0.645933014354067 0.18301435406698566 0.37200956937799046
0 0.7739234449760766 0.638755980861244 0.17822966507177032 0.3875598086124402
0 0.9389952153110048 0.618421052631579 0.12200956937799043 0.3480861244019139
0 0.19736842105263158 0.26435406698564595 0.15430622009569378 0.3409090909090909
0 0.3409090909090909 0.2679425837320574 0.11722488038277512 0.31100478468899523
0 0.4473684210526316 0.2715311004784689 0.12440191387559808 0.3145933014354067
0 0.5669856459330144 0.27392344497607657 0.16267942583732056 0.3181818181818182
0 0.6925837320574163 0.2822966507177033 0.12679425837320574 0.3253588516746411
0 0.8181818181818182 0.2619617224880383 0.15789473684210525 0.36363636363636365
3 0.07655502392344497 0.5861244019138756 0.12679425837320574 0.07655502392344497
3 0.21889952153110048 0.6076555023923444 0.11363636363636363 0.08014354066985646
3 0.7607655502392344 0.6196172248803827 0.14473684210526316 0.08014354066985646
3 0.9174641148325359 0.5956937799043063 0.10526315789473684 0.05143540669856459
3 0.20933014354066987 0.24162679425837322 0.12440191387559808 0.07775119617224881
3 0.3241626794258373 0.2511961722488038 0.11363636363636363 0.08253588516746412
3 0.43779904306220097 0.25239234449760767 0.09808612440191387 0.05980861244019139
3 0.55622009569378 0.24880382775119617 0.10167464114832536 0.05502392344497608
3 0.6830143540669856 0.2332535885167464 0.11602870813397129 0.06578947368421052
3 0.8205741626794258 0.23444976076555024 0.12440191387559808 0.06578947368421052
2 0.19736842105263158 0.12440191387559808 0.0729665071770335 0.04665071770334928
2 0.33014354066985646 0.13277511961722488 0.0645933014354067 0.05263157894736842
2 0.45215311004784686 0.13875598086124402 0.07057416267942583 0.04066985645933014
2 0.5502392344497608 0.13875598086124402 0.061004784688995214 0.04665071770334928
2 0.6854066985645934 0.12679425837320574 0.07775119617224881 0.041866028708133975
2 0.8145933014354066 0.12320574162679426 0.09688995215311005 0.045454545454545456
2 0.07177033492822966 0.47248803827751196 0.06578947368421052 0.039473684210526314
2 0.23564593301435408 0.4784688995215311 0.09210526315789473 0.034688995215311005
2 0.7595693779904307 0.48564593301435405 0.08492822966507177 0.050239234449760764
2 0.9258373205741627 0.4748803827751196 0.07057416267942583 0.045454545454545456