0 0.854066985645933 0.6614832535885168 0.17703349282296652 0.35167464114832536
0 0.7093301435406698 0.6602870813397129 0.1722488038277512 0.361244019138756
0 0.5777511961722488 0.6351674641148325 0.16267942583732056 0.35167464114832536
0 0.44019138755980863 0.6244019138755981 0.15550239234449761 0.3277511961722488
0 0.3062200956937799 0.6100478468899522 0.1507177033492823 0.3133971291866029
0 0.23205741626794257 0.5478468899521531 0.1507177033492823 0.3684210526315789
0 0.7870813397129187 0.44138755980861244 0.16267942583732056 0.2822966507177033
0 0.6578947368421053 0.4222488038277512 0.16267942583732056 0.2751196172248804
0 0.534688995215311 0.40669856459330145 0.16028708133971292 0.2751196172248804
0 0.4102870813397129 0.38636363636363635 0.16267942583732056 0.2703349282296651
0 0.27631578947368424 0.36483253588516745 0.17464114832535885 0.30861244019138756
0 0.1255980861244019 0.35047846889952156 0.17464114832535885 0.33253588516746413
3 0.8361244019138756 0.6961722488038278 0.15311004784688995 0.13157894736842105
3 0.7272727272727273 0.6686602870813397 0.16028708133971292 0.14832535885167464
3 0.6004784688995215 0.6543062200956937 0.15550239234449761 0.13157894736842105
3 0.458133971291866 0.6327751196172249 0.1507177033492823 0.11004784688995216
3 0.33253588516746413 0.618421052631579 0.11961722488038277 0.11244019138755981
3 0.20334928229665072 0.5825358851674641 0.13875598086124402 0.1339712918660287
3 0.13516746411483255 0.4102870813397129 0.1339712918660287 0.10526315789473684
3 0.2703349282296651 0.4246411483253589 0.1507177033492823 0.09330143540669857
3 0.4150717703349282 0.458133971291866 0.0861244019138756 0.06220095693779904
3 0.5179425837320574 0.4677033492822967 0.12440191387559808 0.08851674641148326
3 0.645933014354067 0.4820574162679426 0.15311004784688995 0.0861244019138756
3 0.7799043062200957 0.5023923444976076 0.1291866028708134 0.07177033492822966
2 0.173444976076555 0.22248803827751196 0.07416267942583732 0.05741626794258373
2 0.29784688995215314 0.25478468899521534 0.0861244019138756 0.06698564593301436
2 0.4246411483253589 0.2751196172248804 0.07894736842105263 0.06220095693779904
2 0.5526315789473685 0.2894736842105263 0.08133971291866028 0.05263157894736842
2 0.6734449760765551 0.3145933014354067 0.0861244019138756 0.06220095693779904
2 0.8038277511961722 0.33253588516746413 0.08373205741626795 0.0645933014354067
2 0.8696172248803827 0.5035885167464115 0.07655502392344497 0.05741626794258373
2 0.7440191387559809 0.48325358851674644 0.07894736842105263 0.05980861244019139
2 0.618421052631579 0.46172248803827753 0.07894736842105263 0.06220095693779904
2 0.49401913875598086 0.4437799043062201 0.07894736842105263 0.06220095693779904
2 0.3684210526315789 0.42105263157894735 0.07416267942583732 0.05980861244019139
2 0.24162679425837322 0.38995215311004783 0.07894736842105263 0.06937799043062201