0 0.90311004784689 0.680622009569378 0.17703349282296652 0.5406698564593302
0 0.7619617224880383 0.6949760765550239 0.1722488038277512 0.5502392344497608
0 0.6076555023923444 0.6985645933014354 0.18421052631578946 0.5454545454545454
0 0.4485645933014354 0.7105263157894737 0.18660287081339713 0.5311004784688995
0 0.284688995215311 0.7117224880382775 0.18899521531100477 0.507177033492823
0 0.1339712918660287 0.7081339712918661 0.18899521531100477 0.48086124401913877
0 0.08253588516746412 0.2535885167464115 0.16507177033492823 0.2727272727272727
0 0.24043062200956938 0.23564593301435408 0.1674641148325359 0.2799043062200957
0 0.3827751196172249 0.22129186602870812 0.18421052631578946 0.3492822966507177
0 0.5502392344497608 0.21889952153110048 0.18181818181818182 0.3708133971291866
0 0.7033492822966507 0.20813397129186603 0.19138755980861244 0.41626794258373206
0 0.8636363636363636 0.20095693779904306 0.14832535885167464 0.38516746411483255