0 0.868421052631579 0.37679425837320574 0.14354066985645933 0.34210526315789475
0 0.7248803827751196 0.3624401913875598 0.13636363636363635 0.35406698564593303
0 0.5921052631578947 0.37440191387559807 0.1291866028708134 0.34210526315789475
0 0.4533492822966507 0.3696172248803828 0.12440191387559808 0.32057416267942584
0 0.3181818181818182 0.3708133971291866 0.12200956937799043 0.3062200956937799
0 0.23803827751196172 0.423444976076555 0.11483253588516747 0.361244019138756
0 0.7787081339712919 0.5885167464114832 0.13636363636363635 0.2727272727272727
0 0.6483253588516746 0.5944976076555024 0.13636363636363635 0.26555023923444976
0 0.5239234449760766 0.59688995215311 0.1339712918660287 0.26555023923444976
0 0.39832535885167464 0.604066985645933 0.13875598086124402 0.2607655502392344
0 0.26435406698564595 0.6100478468899522 0.145933014354067 0.2966507177033493
0 0.11124401913875598 0.6088516746411483 0.14354066985645933 0.3229665071770335
3 0.854066985645933 0.3397129186602871 0.14114832535885166 0.11722488038277512
3 0.7440191387559809 0.35645933014354064 0.14832535885167464 0.1339712918660287
3 0.6160287081339713 0.3576555023923445 0.14354066985645933 0.11722488038277512
3 0.47248803827751196 0.36363636363636365 0.14354066985645933 0.09569377990430622
3 0.3456937799043062 0.36483253588516745 0.11244019138755981 0.10287081339712918
3 0.21411483253588517 0.38636363636363635 0.1291866028708134 0.12200956937799043
3 0.12799043062200957 0.5502392344497608 0.12679425837320574 0.09330143540669857
3 0.26435406698564595 0.5502392344497608 0.14354066985645933 0.07894736842105263
3 0.4102870813397129 0.5322966507177034 0.08373205741626795 0.05502392344497608
3 0.5155502392344498 0.5334928229665071 0.11722488038277512 0.07655502392344497
3 0.6435406698564593 0.5334928229665071 0.14832535885167464 0.07177033492822966
3 0.7787081339712919 0.527511961722488 0.12679425837320574 0.05980861244019139
2 0.145933014354067 0.7416267942583732 0.06937799043062201 0.050239234449760764
2 0.2727272727272727 0.722488038277512 0.08133971291866028 0.05980861244019139
2 0.4007177033492823 0.7165071770334929 0.07655502392344497 0.05502392344497608
2 0.5299043062200957 0.715311004784689 0.07655502392344497 0.045454545454545456
2 0.65311004784689 0.7033492822966507 0.08373205741626795 0.05502392344497608
2 0.784688995215311 0.6985645933014354 0.07894736842105263 0.05741626794258373
2 0.868421052631579 0.534688995215311 0.07416267942583732 0.05263157894736842
2 0.7404306220095693 0.5430622009569378 0.07416267942583732 0.05502392344497608
2 0.6136363636363636 0.5502392344497608 0.07416267942583732 0.05741626794258373
2 0.4880382775119617 0.55622009569378 0.07655502392344497 0.05502392344497608
2 0.361244019138756 0.5645933014354066 0.06937799043062201 0.05263157894736842
2 0.23086124401913877 0.5825358851674641 0.07416267942583732 0.0645933014354067