0 0.15550239234449761 0.5191387559808612 0.31100478468899523 0.7942583732057417
0 0.4222488038277512 0.5299043062200957 0.30861244019138756 0.8181818181818182
0 0.7236842105263158 0.5227272727272727 0.3684210526315789 0.8995215311004785
0 0.9342105263157895 0.49760765550239233 0.13157894736842105 0.8899521531100478
3 0.1471291866028708 0.7511961722488039 0.2703349282296651 0.21291866028708134
3 0.39473684210526316 0.7404306220095693 0.32057416267942584 0.19856459330143542
3 0.7093301435406698 0.7344497607655502 0.3277511961722488 0.22966507177033493
3 0.9449760765550239 0.7188995215311005 0.11004784688995216 0.17942583732057416
2 0.10406698564593302 0.215311004784689 0.16507177033492823 0.12200956937799043
2 0.36483253588516745 0.18779904306220097 0.19617224880382775 0.14832535885167464
2 0.6830143540669856 0.15311004784688995 0.18899521531100477 0.13875598086124402