0 0.11842105263157894 0.27870813397129185 0.12320574162679426 0.5311004784688995
0 0.2595693779904306 0.27870813397129185 0.11602870813397129 0.5406698564593302
0 0.4138755980861244 0.291866028708134 0.12799043062200957 0.534688995215311
0 0.5729665071770335 0.29545454545454547 0.1339712918660287 0.5191387559808612
0 0.7356459330143541 0.31220095693779903 0.1375598086124402 0.49521531100478466
0 0.8863636363636364 0.33133971291866027 0.14114832535885166 0.4688995215311005
0 0.8911483253588517 0.7894736842105263 0.1471291866028708 0.2583732057416268
0 0.7308612440191388 0.7894736842105263 0.14114832535885166 0.26555023923444976
0 0.5873205741626795 0.7894736842105263 0.14952153110047847 0.3349282296650718
0 0.42105263157894735 0.7739234449760766 0.14473684210526316 0.3576555023923445
0 0.26674641148325356 0.7787081339712919 0.1471291866028708 0.4222488038277512
0 0.1076555023923445 0.7595693779904307 0.10885167464114832 0.37559808612440193