0 0.2799043062200957 0.4138755980861244 0.16028708133971292 0.33014354066985646
0 0.7894736842105263 0.5239234449760766 0.18181818181818182 0.44258373205741625
0 0.6423444976076556 0.4868421052631579 0.16985645933014354 0.39712918660287083
0 0.5131578947368421 0.47129186602870815 0.15789473684210525 0.35645933014354064
0 0.39473684210526316 0.4449760765550239 0.13157894736842105 0.35406698564593303
0 0.17822966507177032 0.40669856459330145 0.12200956937799043 0.3181818181818182
2 0.7763157894736842 0.6997607655502392 0.10047846889952153 0.07416267942583732
2 0.6303827751196173 0.6411483253588517 0.09569377990430622 0.06220095693779904
2 0.5023923444976076 0.604066985645933 0.08133971291866028 0.05741626794258373
2 0.38516746411483255 0.5717703349282297 0.06937799043062201 0.050239234449760764
2 0.27631578947368424 0.5490430622009569 0.06698564593301436 0.0430622009569378
2 0.173444976076555 0.5011961722488039 0.08851674641148326 0.05980861244019139