0 0.8421052631578947 0.4569377990430622 0.3157894736842105 0.7942583732057417
0 0.5813397129186603 0.5155502392344498 0.30861244019138756 0.8181818181818182
0 0.2822966507177033 0.5550239234449761 0.3684210526315789 0.8899521531100478
0 0.06818181818181818 0.5657894736842105 0.13636363636363635 0.868421052631579
3 0.8767942583732058 0.6854066985645934 0.24641148325358853 0.21291866028708134
3 0.6447368421052632 0.7188995215311005 0.32057416267942584 0.19856459330143542
3 0.3349282296650718 0.7667464114832536 0.3277511961722488 0.22966507177033493
3 0.0861244019138756 0.7954545454545454 0.13636363636363635 0.17942583732057416
2 0.8409090909090909 0.1507177033492823 0.16507177033492823 0.12200956937799043
2 0.5789473684210527 0.1686602870813397 0.19617224880382775 0.14832535885167464
2 0.2595693779904306 0.1901913875598086 0.18899521531100477 0.13875598086124402