0 0.27631578947368424 0.5789473684210527 0.14832535885167464 0.3253588516746411
0 0.7906698564593302 0.4868421052631579 0.1674641148325359 0.43779904306220097
0 0.6423444976076556 0.5179425837320574 0.15789473684210525 0.3923444976076555
0 0.5119617224880383 0.5299043062200957 0.145933014354067 0.35167464114832536
0 0.3923444976076555 0.5514354066985646 0.11961722488038277 0.3492822966507177
0 0.17464114832535885 0.5825358851674641 0.11244019138755981 0.3133971291866029
2 0.7834928229665071 0.31100478468899523 0.09808612440191387 0.06937799043062201
2 0.6351674641148325 0.36363636363636365 0.09330143540669857 0.05980861244019139
2 0.5059808612440191 0.39593301435406697 0.07894736842105263 0.05502392344497608
2 0.3875598086124402 0.423444976076555 0.06937799043062201 0.04784688995215311
2 0.27751196172248804 0.44258373205741625 0.06698564593301436 0.04066985645933014
2 0.173444976076555 0.4880382775119617 0.0861244019138756 0.05741626794258373