0 0.7787081339712919 0.6447368421052632 0.1339712918660287 0.35406698564593303
0 0.6854066985645934 0.6435406698564593 0.11004784688995216 0.3181818181818182
0 0.5980861244019139 0.6232057416267942 0.11244019138755981 0.31100478468899523
0 0.5143540669856459 0.6363636363636364 0.12440191387559808 0.2966507177033493
0 0.41626794258373206 0.6303827751196173 0.10526315789473684 0.3181818181818182
0 0.3409090909090909 0.6291866028708134 0.11004784688995216 0.29904306220095694
0 0.24043062200956938 0.645933014354067 0.09808612440191387 0.3157894736842105
2 0.7966507177033493 0.5035885167464115 0.07894736842105263 0.05502392344497608
2 0.69377990430622 0.5023923444976076 0.0645933014354067 0.050239234449760764
2 0.6052631578947368 0.507177033492823 0.07177033492822966 0.05263157894736842
2 0.5215311004784688 0.5143540669856459 0.06220095693779904 0.045454545454545456
2 0.43301435406698563 0.5035885167464115 0.06220095693779904 0.03588516746411483
2 0.3373205741626794 0.5083732057416268 0.07177033492822966 0.05980861244019139
2 0.24401913875598086 0.5107655502392344 0.06220095693779904 0.05502392344497608