0 0.20334928229665072 0.604066985645933 0.18181818181818182 0.3684210526315789
0 0.2966507177033493 0.6172248803827751 0.15311004784688995 0.33014354066985646
0 0.38636363636363635 0.6076555023923444 0.15550239234449761 0.3229665071770335
0 0.4665071770334928 0.6327751196172249 0.16267942583732056 0.31100478468899523
0 0.5645933014354066 0.6411483253588517 0.14832535885167464 0.3277511961722488
0 0.6399521531100478 0.6507177033492823 0.1507177033492823 0.31100478468899523
0 0.7368421052631579 0.680622009569378 0.14114832535885166 0.3253588516746411
2 0.20574162679425836 0.46172248803827753 0.0861244019138756 0.0645933014354067
2 0.30741626794258375 0.47607655502392343 0.07177033492822966 0.05980861244019139
2 0.39473684210526316 0.49282296650717705 0.07655502392344497 0.05980861244019139
2 0.47607655502392343 0.5107655502392344 0.06937799043062201 0.05263157894736842
2 0.5657894736842105 0.5131578947368421 0.06698564593301436 0.045454545454545456
2 0.6602870813397129 0.5311004784688995 0.07894736842105263 0.06698564593301436
2 0.7523923444976076 0.5454545454545454 0.06937799043062201 0.0645933014354067