0 0.23684210526315788 0.3444976076555024 0.145933014354067 0.3062200956937799
0 0.36483253588516745 0.3397129186602871 0.11961722488038277 0.2822966507177033
0 0.21052631578947367 0.5645933014354066 0.1722488038277512 0.38995215311004783
0 0.3684210526315789 0.5717703349282297 0.15550239234449761 0.38516746411483255
0 0.4485645933014354 0.583732057416268 0.11722488038277512 0.37320574162679426
0 0.5538277511961722 0.5933014354066986 0.14114832535885166 0.39473684210526316
0 0.6770334928229665 0.5980861244019139 0.1291866028708134 0.3660287081339713
0 0.7978468899521531 0.6124401913875598 0.13636363636363635 0.361244019138756
0 0.47607655502392343 0.35645933014354064 0.12440191387559808 0.2727272727272727
0 0.5944976076555024 0.3624401913875598 0.1339712918660287 0.3014354066985646
0 0.7057416267942583 0.3672248803827751 0.1076555023923445 0.26555023923444976
0 0.8265550239234449 0.39952153110047844 0.14832535885167464 0.3038277511961722
3 0.23086124401913877 0.3444976076555024 0.12200956937799043 0.0645933014354067
3 0.3492822966507177 0.34330143540669855 0.11722488038277512 0.07655502392344497
3 0.4700956937799043 0.36004784688995217 0.12200956937799043 0.06220095693779904
3 0.5897129186602871 0.37200956937799046 0.11722488038277512 0.05741626794258373
3 0.6985645933014354 0.37799043062200954 0.11004784688995216 0.0645933014354067
3 0.8205741626794258 0.38995215311004783 0.12440191387559808 0.0645933014354067
3 0.8014354066985646 0.5741626794258373 0.12200956937799043 0.06220095693779904
3 0.6818181818181818 0.562200956937799 0.11004784688995216 0.06698564593301436
3 0.5681818181818182 0.5514354066985646 0.1076555023923445 0.0645933014354067
3 0.45454545454545453 0.5430622009569378 0.10526315789473684 0.06698564593301436
3 0.3373205741626794 0.5311004784688995 0.10047846889952153 0.05980861244019139
3 0.2236842105263158 0.5179425837320574 0.10526315789473684 0.06220095693779904
2 0.24282296650717702 0.21291866028708134 0.08133971291866028 0.04784688995215311
2 0.36004784688995217 0.22248803827751196 0.07655502392344497 0.045454545454545456
2 0.4784688995215311 0.23803827751196172 0.08133971291866028 0.045454545454545456
2 0.5956937799043063 0.24760765550239233 0.0861244019138756 0.04784688995215311
2 0.7069377990430622 0.25717703349282295 0.08133971291866028 0.04784688995215311
2 0.8157894736842105 0.2703349282296651 0.0861244019138756 0.03827751196172249
2 0.2236842105263158 0.39354066985645936 0.08373205741626795 0.03110047846889952
2 0.3444976076555024 0.4019138755980861 0.08133971291866028 0.04784688995215311
2 0.46172248803827753 0.41148325358851673 0.09569377990430622 0.04784688995215311
2 0.5801435406698564 0.42942583732057416 0.07894736842105263 0.04784688995215311
2 0.6889952153110048 0.44138755980861244 0.07894736842105263 0.0430622009569378
2 0.80622009569378 0.4485645933014354 0.08851674641148326 0.045454545454545456