0 0.11124401913875598 0.5167464114832536 0.19856459330143542 0.35406698564593303
0 0.2452153110047847 0.5705741626794258 0.1937799043062201 0.3660287081339713
0 0.37679425837320574 0.5956937799043063 0.18421052631578946 0.35406698564593303
0 0.5083732057416268 0.638755980861244 0.17464114832535885 0.33014354066985646
0 0.638755980861244 0.6746411483253588 0.16985645933014354 0.3181818181818182
0 0.7308612440191388 0.6447368421052632 0.17464114832535885 0.3708133971291866
0 0.25598086124401914 0.33851674641148327 0.17942583732057416 0.28708133971291866
0 0.3827751196172249 0.3684210526315789 0.17942583732057416 0.2799043062200957
0 0.5035885167464115 0.4007177033492823 0.17703349282296652 0.2799043062200957
0 0.6255980861244019 0.42822966507177035 0.17942583732057416 0.2751196172248804
0 0.757177033492823 0.45933014354066987 0.1937799043062201 0.3133971291866029
0 0.90311004784689 0.5023923444976076 0.1937799043062201 0.3373205741626794
3 0.11483253588516747 0.55622009569378 0.15789473684210525 0.13875598086124402
3 0.22607655502392343 0.5705741626794258 0.1674641148325359 0.15550239234449761
3 0.3492822966507177 0.6052631578947368 0.16028708133971292 0.13875598086124402
3 0.4892344497607656 0.638755980861244 0.15550239234449761 0.11722488038277512
3 0.611244019138756 0.6734449760765551 0.12679425837320574 0.11961722488038277
3 0.7440191387559809 0.687799043062201 0.145933014354067 0.14114832535885166
3 0.8720095693779905 0.5538277511961722 0.13875598086124402 0.11244019138755981
3 0.7404306220095693 0.5167464114832536 0.15311004784688995 0.10287081339712918
3 0.5944976076555024 0.49401913875598086 0.08851674641148326 0.06698564593301436
3 0.49521531100478466 0.46291866028708134 0.12679425837320574 0.09330143540669857
3 0.37200956937799046 0.42822966507177035 0.15550239234449761 0.09569377990430622
3 0.24043062200956938 0.39712918660287083 0.13157894736842105 0.07894736842105263
2 0.9066985645933014 0.3660287081339713 0.07655502392344497 0.05980861244019139
2 0.7787081339712919 0.3480861244019139 0.08851674641148326 0.07177033492822966
2 0.6543062200956937 0.319377990430622 0.08373205741626795 0.06698564593301436
2 0.5299043062200957 0.284688995215311 0.08373205741626795 0.05741626794258373
2 0.4090909090909091 0.2631578947368421 0.08851674641148326 0.06698564593301436
2 0.2811004784688995 0.23086124401913877 0.0861244019138756 0.06937799043062201
2 0.15550239234449761 0.36483253588516745 0.07894736842105263 0.06220095693779904
2 0.2799043062200957 0.3923444976076555 0.08133971291866028 0.0645933014354067
2 0.4043062200956938 0.41985645933014354 0.08133971291866028 0.06698564593301436
2 0.5263157894736842 0.44976076555023925 0.08133971291866028 0.0645933014354067
2 0.6519138755980861 0.47607655502392343 0.07655502392344497 0.0645933014354067
2 0.7811004784688995 0.49521531100478466 0.08133971291866028 0.07416267942583732