0 0.22488038277511962 0.3684210526315789 0.12081339712918661 0.29784688995215314
0 0.35167464114832536 0.35167464114832536 0.09688995215311005 0.2751196172248804
0 0.21770334928229665 0.5897129186602871 0.13875598086124402 0.3791866028708134
0 0.37559808612440193 0.5825358851674641 0.12320574162679426 0.37679425837320574
0 0.4557416267942584 0.5885167464114832 0.0861244019138756 0.3660287081339713
0 0.562200956937799 0.5885167464114832 0.10885167464114832 0.3875598086124402
0 0.6854066985645934 0.5825358851674641 0.09808612440191387 0.3576555023923445
0 0.80622009569378 0.5861244019138756 0.10645933014354067 0.35287081339712917
0 0.46411483253588515 0.3588516746411483 0.10287081339712918 0.26435406698564595
0 0.5825358851674641 0.35526315789473684 0.10885167464114832 0.2942583732057416
0 0.69377990430622 0.3492822966507177 0.0861244019138756 0.2595693779904306
0 0.8169856459330144 0.3708133971291866 0.12320574162679426 0.2942583732057416
3 0.21889952153110048 0.3684210526315789 0.11842105263157894 0.05502392344497608
3 0.3361244019138756 0.35645933014354064 0.11244019138755981 0.06818181818181818
3 0.458133971291866 0.36363636363636365 0.11722488038277512 0.05263157894736842
3 0.5777511961722488 0.36483253588516745 0.11244019138755981 0.04665071770334928
3 0.6866028708133971 0.361244019138756 0.10645933014354067 0.05502392344497608
3 0.8098086124401914 0.3624401913875598 0.12081339712918661 0.05502392344497608
3 0.80622009569378 0.5478468899521531 0.11842105263157894 0.05143540669856459
3 0.6866028708133971 0.5466507177033493 0.10526315789473684 0.05741626794258373
3 0.5729665071770335 0.5454545454545454 0.10287081339712918 0.056220095693779906
3 0.458133971291866 0.5466507177033493 0.10167464114832536 0.05741626794258373
3 0.3409090909090909 0.5454545454545454 0.09688995215311005 0.05263157894736842
3 0.22607655502392343 0.5418660287081339 0.10047846889952153 0.05263157894736842
2 0.21889952153110048 0.23684210526315788 0.07775119617224881 0.041866028708133975
2 0.3361244019138756 0.23564593301435408 0.0729665071770335 0.039473684210526314
2 0.4557416267942584 0.24043062200956938 0.07775119617224881 0.039473684210526314
2 0.5729665071770335 0.24043062200956938 0.08253588516746412 0.041866028708133975
2 0.6854066985645934 0.24043062200956938 0.07775119617224881 0.041866028708133975
2 0.7942583732057417 0.24401913875598086 0.08253588516746412 0.03110047846889952
2 0.215311004784689 0.41746411483253587 0.08133971291866028 0.023923444976076555
2 0.3361244019138756 0.41626794258373206 0.07775119617224881 0.041866028708133975
2 0.45454545454545453 0.4150717703349282 0.09210526315789473 0.039473684210526314
2 0.5741626794258373 0.4222488038277512 0.07655502392344497 0.041866028708133975
2 0.6830143540669856 0.4246411483253589 0.07655502392344497 0.03708133971291866
2 0.8002392344497608 0.4222488038277512 0.0861244019138756 0.03708133971291866