0 0.7320574162679426 0.5466507177033493 0.16985645933014354 0.3349282296650718
0 0.21052631578947367 0.5263157894736842 0.19856459330143542 0.4473684210526316
0 0.3624401913875598 0.5370813397129187 0.18421052631578946 0.39952153110047844
0 0.49282296650717705 0.5311004784688995 0.1674641148325359 0.361244019138756
0 0.6136363636363636 0.5358851674641149 0.14114832535885166 0.35645933014354064
0 0.833732057416268 0.5358851674641149 0.1339712918660287 0.32057416267942584
2 0.1937799043062201 0.35167464114832536 0.10287081339712918 0.07655502392344497
2 0.34688995215311 0.3839712918660287 0.09569377990430622 0.0645933014354067
2 0.4796650717703349 0.39712918660287083 0.08373205741626795 0.05980861244019139
2 0.6004784688995215 0.4090909090909091 0.07177033492822966 0.05263157894736842
2 0.7117224880382775 0.4126794258373206 0.06937799043062201 0.045454545454545456
2 0.8205741626794258 0.44258373205741625 0.09090909090909091 0.0645933014354067