0 0.7631578947368421 0.6555023923444976 0.145933014354067 0.3062200956937799
0 0.6351674641148325 0.6602870813397129 0.11961722488038277 0.2822966507177033
0 0.7894736842105263 0.4354066985645933 0.1722488038277512 0.38995215311004783
0 0.631578947368421 0.42822966507177035 0.15550239234449761 0.38516746411483255
0 0.5514354066985646 0.41626794258373206 0.11722488038277512 0.37320574162679426
0 0.4461722488038278 0.40669856459330145 0.14114832535885166 0.39473684210526316
0 0.3229665071770335 0.4019138755980861 0.1291866028708134 0.3660287081339713
0 0.2021531100478469 0.3875598086124402 0.13636363636363635 0.361244019138756
0 0.5239234449760766 0.6435406698564593 0.12440191387559808 0.2727272727272727
0 0.4055023923444976 0.6375598086124402 0.1339712918660287 0.3014354066985646
0 0.2942583732057416 0.6327751196172249 0.1076555023923445 0.26555023923444976
0 0.173444976076555 0.6004784688995215 0.14832535885167464 0.3038277511961722
3 0.7691387559808612 0.6555023923444976 0.12200956937799043 0.0645933014354067
3 0.6507177033492823 0.6566985645933014 0.11722488038277512 0.07655502392344497
3 0.5299043062200957 0.6399521531100478 0.12200956937799043 0.06220095693779904
3 0.4102870813397129 0.6279904306220095 0.11722488038277512 0.05741626794258373
3 0.3014354066985646 0.6220095693779905 0.11004784688995216 0.0645933014354067
3 0.17942583732057416 0.6100478468899522 0.12440191387559808 0.0645933014354067
3 0.19856459330143542 0.4258373205741627 0.12200956937799043 0.06220095693779904
3 0.3181818181818182 0.43779904306220097 0.11004784688995216 0.06698564593301436
3 0.4318181818181818 0.4485645933014354 0.1076555023923445 0.0645933014354067
3 0.5454545454545454 0.4569377990430622 0.10526315789473684 0.06698564593301436
3 0.6626794258373205 0.4688995215311005 0.10047846889952153 0.05980861244019139
3 0.7763157894736842 0.4820574162679426 0.10526315789473684 0.06220095693779904
2 0.757177033492823 0.7870813397129187 0.08133971291866028 0.04784688995215311
2 0.6399521531100478 0.777511961722488 0.07655502392344497 0.045454545454545456
2 0.5215311004784688 0.7619617224880383 0.08133971291866028 0.045454545454545456
2 0.4043062200956938 0.7523923444976076 0.0861244019138756 0.04784688995215311
2 0.2930622009569378 0.742822966507177 0.08133971291866028 0.04784688995215311
2 0.18421052631578946 0.7296650717703349 0.0861244019138756 0.03827751196172249
2 0.7763157894736842 0.6064593301435407 0.08373205741626795 0.03110047846889952
2 0.6555023923444976 0.5980861244019139 0.08133971291866028 0.04784688995215311
2 0.5382775119617225 0.5885167464114832 0.09569377990430622 0.04784688995215311
2 0.41985645933014354 0.5705741626794258 0.07894736842105263 0.04784688995215311
2 0.31100478468899523 0.5586124401913876 0.07894736842105263 0.0430622009569378
2 0.1937799043062201 0.5514354066985646 0.08851674641148326 0.045454545454545456