0 0.2930622009569378 0.3696172248803828 0.09569377990430622 0.4569377990430622
0 0.37799043062200954 0.3672248803827751 0.1507177033492823 0.5167464114832536
0 0.4688995215311005 0.37200956937799046 0.12679425837320574 0.4665071770334928
0 0.5669856459330144 0.39354066985645936 0.08133971291866028 0.4138755980861244
0 0.6411483253588517 0.3803827751196172 0.12679425837320574 0.5334928229665071
0 0.7308612440191388 0.40789473684210525 0.13636363636363635 0.4665071770334928
3 0.3588516746411483 0.4102870813397129 0.12440191387559808 0.1076555023923445
3 0.458133971291866 0.41626794258373206 0.10526315789473684 0.08851674641148326
3 0.27870813397129185 0.4055023923444976 0.0861244019138756 0.07655502392344497
3 0.6136363636363636 0.4258373205741627 0.11722488038277512 0.08851674641148326
3 0.7344497607655502 0.41746411483253587 0.11004784688995216 0.09090909090909091
3 0.5430622009569378 0.4222488038277512 0.06698564593301436 0.07655502392344497
2 0.35167464114832536 0.59688995215311 0.07416267942583732 0.06698564593301436
2 0.43779904306220097 0.5885167464114832 0.0645933014354067 0.05741626794258373
2 0.5598086124401914 0.583732057416268 0.05980861244019139 0.04784688995215311
2 0.6124401913875598 0.6100478468899522 0.07655502392344497 0.050239234449760764
2 0.7021531100478469 0.604066985645933 0.07416267942583732 0.05741626794258373
2 0.3026315789473684 0.5645933014354066 0.06698564593301436 0.05502392344497608