0 0.7727272727272727 0.36363636363636365 0.12679425837320574 0.29904306220095694
0 0.645933014354067 0.3492822966507177 0.10287081339712918 0.27751196172248804
0 0.7834928229665071 0.5849282296650717 0.145933014354067 0.3803827751196172
0 0.6255980861244019 0.5801435406698564 0.1291866028708134 0.37799043062200954
0 0.5454545454545454 0.5873205741626795 0.09330143540669857 0.3684210526315789
0 0.43899521531100477 0.5897129186602871 0.11483253588516747 0.38995215311004783
0 0.3157894736842105 0.5861244019138756 0.10526315789473684 0.3588516746411483
0 0.19497607655502391 0.5909090909090909 0.11244019138755981 0.35406698564593303
0 0.5334928229665071 0.3576555023923445 0.1076555023923445 0.26555023923444976
0 0.4150717703349282 0.35645933014354064 0.11483253588516747 0.2966507177033493
0 0.3038277511961722 0.35287081339712917 0.09090909090909091 0.2607655502392344
0 0.180622009569378 0.37679425837320574 0.1291866028708134 0.2966507177033493
3 0.7787081339712919 0.36363636363636365 0.11961722488038277 0.05741626794258373
3 0.6614832535885168 0.35406698564593303 0.11244019138755981 0.06937799043062201
3 0.5394736842105263 0.3624401913875598 0.11722488038277512 0.05502392344497608
3 0.41985645933014354 0.3660287081339713 0.11244019138755981 0.04784688995215311
3 0.31100478468899523 0.36483253588516745 0.1076555023923445 0.05741626794258373
3 0.18779904306220097 0.3684210526315789 0.12200956937799043 0.05741626794258373
3 0.19497607655502391 0.5526315789473685 0.11961722488038277 0.05263157894736842
3 0.3145933014354067 0.5502392344497608 0.10526315789473684 0.05980861244019139
3 0.42822966507177035 0.5466507177033493 0.10287081339712918 0.05741626794258373
3 0.5430622009569378 0.5454545454545454 0.10287081339712918 0.05980861244019139
3 0.6602870813397129 0.5430622009569378 0.09808612440191387 0.05502392344497608
3 0.7751196172248804 0.5370813397129187 0.10047846889952153 0.05502392344497608
2 0.7763157894736842 0.23205741626794257 0.07894736842105263 0.0430622009569378
2 0.6590909090909091 0.2332535885167464 0.07416267942583732 0.04066985645933014
2 0.5394736842105263 0.23923444976076555 0.07894736842105263 0.04066985645933014
2 0.4222488038277512 0.24162679425837322 0.08373205741626795 0.0430622009569378
2 0.30980861244019137 0.24401913875598086 0.07894736842105263 0.0430622009569378
2 0.20095693779904306 0.24880382775119617 0.08373205741626795 0.03349282296650718
2 0.7834928229665071 0.4126794258373206 0.08133971291866028 0.02631578947368421
2 0.6626794258373205 0.4138755980861244 0.07894736842105263 0.0430622009569378
2 0.5442583732057417 0.4138755980861244 0.09330143540669857 0.04066985645933014
2 0.4246411483253589 0.423444976076555 0.07655502392344497 0.0430622009569378
2 0.3157894736842105 0.42822966507177035 0.07655502392344497 0.03827751196172249
2 0.19856459330143542 0.4270334928229665 0.0861244019138756 0.03827751196172249