0 0.8528708133971292 0.4892344497607656 0.26435406698564595 0.7751196172248804
0 0.5801435406698564 0.5227272727272727 0.23923444976076555 0.8002392344497608
0 0.27870813397129185 0.5418660287081339 0.2942583732057416 0.8767942583732058
0 0.04665071770334928 0.5370813397129187 0.09330143540669857 0.8863636363636364
3 0.8720095693779905 0.7200956937799043 0.25598086124401914 0.19138755980861244
3 0.6255980861244019 0.7308612440191388 0.30741626794258375 0.173444976076555
3 0.31220095693779903 0.7511961722488039 0.31220095693779903 0.2021531100478469
3 0.06220095693779904 0.7583732057416268 0.12320574162679426 0.16985645933014354
2 0.8696172248803827 0.18181818181818182 0.15669856459330145 0.10885167464114832
2 0.6076555023923444 0.17703349282296652 0.1854066985645933 0.13157894736842105
2 0.28708133971291866 0.16985645933014354 0.17822966507177032 0.12440191387559808