0 0.24043062200956938 0.3229665071770335 0.16507177033492823 0.36363636363636365
0 0.33373205741626794 0.3349282296650718 0.13875598086124402 0.3253588516746411
0 0.41746411483253587 0.3660287081339713 0.13875598086124402 0.3181818181818182
0 0.5023923444976076 0.36363636363636365 0.14832535885167464 0.3062200956937799
0 0.5992822966507177 0.3803827751196172 0.1339712918660287 0.3253588516746411
0 0.6734449760765551 0.3911483253588517 0.13636363636363635 0.3062200956937799
0 0.7751196172248804 0.3875598086124402 0.12440191387559808 0.3229665071770335
2 0.20574162679425836 0.4605263157894737 0.08373205741626795 0.05980861244019139
2 0.30741626794258375 0.47368421052631576 0.06937799043062201 0.05741626794258373
2 0.39593301435406697 0.4796650717703349 0.07655502392344497 0.05741626794258373
2 0.4796650717703349 0.48325358851674644 0.06698564593301436 0.050239234449760764
2 0.5669856459330144 0.5047846889952153 0.0645933014354067 0.0430622009569378
2 0.6626794258373205 0.5107655502392344 0.07655502392344497 0.0645933014354067
2 0.7547846889952153 0.5203349282296651 0.06698564593301436 0.06220095693779904