0 0.27392344497607657 0.5705741626794258 0.1375598086124402 0.32177033492822965
0 0.7906698564593302 0.4964114832535885 0.15311004784688995 0.43301435406698563
0 0.6411483253588517 0.5227272727272727 0.14354066985645933 0.3875598086124402
0 0.5107655502392344 0.5299043062200957 0.13277511961722488 0.3480861244019139
0 0.3911483253588517 0.5478468899521531 0.10645933014354067 0.34688995215311
0 0.1722488038277512 0.5705741626794258 0.10167464114832536 0.31100478468899523
2 0.7894736842105263 0.32057416267942584 0.09688995215311005 0.06698564593301436
2 0.6399521531100478 0.3684210526315789 0.09090909090909091 0.056220095693779906
2 0.5095693779904307 0.39593301435406697 0.07775119617224881 0.05143540669856459
2 0.38995215311004783 0.41985645933014354 0.06698564593301436 0.045454545454545456
2 0.2799043062200957 0.4354066985645933 0.0645933014354067 0.039473684210526314
2 0.17464114832535885 0.47607655502392343 0.08492822966507177 0.05502392344497608