0 0.27392344497607657 0.42942583732057416 0.1375598086124402 0.32177033492822965
0 0.7906698564593302 0.5035885167464115 0.15311004784688995 0.43301435406698563
0 0.6411483253588517 0.4772727272727273 0.14354066985645933 0.3875598086124402
0 0.5107655502392344 0.4700956937799043 0.13277511961722488 0.3480861244019139
0 0.3911483253588517 0.45215311004784686 0.10645933014354067 0.34688995215311
0 0.1722488038277512 0.42942583732057416 0.10167464114832536 0.31100478468899523
2 0.7894736842105263 0.6794258373205742 0.09688995215311005 0.06698564593301436
2 0.6399521531100478 0.631578947368421 0.09090909090909091 0.056220095693779906
2 0.5095693779904307 0.604066985645933 0.07775119617224881 0.05143540669856459
2 0.38995215311004783 0.5801435406698564 0.06698564593301436 0.045454545454545456
2 0.2799043062200957 0.5645933014354066 0.0645933014354067 0.039473684210526314
2 0.17464114832535885 0.5239234449760766 0.08492822966507177 0.05502392344497608