0 0.9222488038277512 0.3660287081339713 0.12799043062200957 0.3576555023923445
0 0.7440191387559809 0.35406698564593303 0.18301435406698566 0.37200956937799046
0 0.22607655502392343 0.361244019138756 0.17822966507177032 0.3875598086124402
0 0.061004784688995214 0.3815789473684211 0.12200956937799043 0.3480861244019139
0 0.8026315789473685 0.7356459330143541 0.15430622009569378 0.3409090909090909
0 0.6590909090909091 0.7320574162679426 0.11722488038277512 0.31100478468899523
0 0.5526315789473685 0.7284688995215312 0.12440191387559808 0.3145933014354067
0 0.43301435406698563 0.7260765550239234 0.16267942583732056 0.3181818181818182
0 0.30741626794258375 0.7177033492822966 0.12679425837320574 0.3253588516746411
0 0.18181818181818182 0.7380382775119617 0.15789473684210525 0.36363636363636365
3 0.9234449760765551 0.4138755980861244 0.12679425837320574 0.07655502392344497
3 0.7811004784688995 0.3923444976076555 0.11363636363636363 0.08014354066985646
3 0.23923444976076555 0.3803827751196172 0.14473684210526316 0.08014354066985646
3 0.08253588516746412 0.4043062200956938 0.10526315789473684 0.05143540669856459
3 0.7906698564593302 0.7583732057416268 0.12440191387559808 0.07775119617224881
3 0.6758373205741627 0.7488038277511961 0.11363636363636363 0.08253588516746412
3 0.562200956937799 0.7476076555023924 0.09808612440191387 0.05980861244019139
3 0.4437799043062201 0.7511961722488039 0.10167464114832536 0.05502392344497608
3 0.31698564593301437 0.7667464114832536 0.11602870813397129 0.06578947368421052
3 0.17942583732057416 0.7655502392344498 0.12440191387559808 0.06578947368421052
2 0.8026315789473685 0.8755980861244019 0.0729665071770335 0.04665071770334928
2 0.6698564593301436 0.8672248803827751 0.0645933014354067 0.05263157894736842
2 0.5478468899521531 0.861244019138756 0.07057416267942583 0.04066985645933014
2 0.44976076555023925 0.861244019138756 0.061004784688995214 0.04665071770334928
2 0.3145933014354067 0.8732057416267942 0.07775119617224881 0.041866028708133975
2 0.1854066985645933 0.8767942583732058 0.09688995215311005 0.045454545454545456
2 0.9282296650717703 0.527511961722488 0.06578947368421052 0.039473684210526314
2 0.7643540669856459 0.5215311004784688 0.09210526315789473 0.034688995215311005
2 0.24043062200956938 0.5143540669856459 0.08492822966507177 0.050239234449760764
2 0.07416267942583732 0.5251196172248804 0.07057416267942583 0.045454545454545456