0 0.2069377990430622 0.6339712918660287 0.35645933014354064 0.7320574162679426
0 0.39593301435406697 0.5956937799043063 0.3397129186602871 0.7129186602870813
0 0.5777511961722488 0.5502392344497608 0.3277511961722488 0.7081339712918661
0 0.7715311004784688 0.5035885167464115 0.3588516746411483 0.7177033492822966
2 0.12679425837320574 0.319377990430622 0.09090909090909091 0.06937799043062201
2 0.3181818181818182 0.28708133971291866 0.08851674641148326 0.06698564593301436
2 0.5143540669856459 0.24880382775119617 0.0861244019138756 0.06937799043062201
2 0.7081339712918661 0.19497607655502391 0.08851674641148326 0.06698564593301436
3 0.7547846889952153 0.41626794258373206 0.21770334928229665 0.1937799043062201
3 0.5586124401913876 0.46291866028708134 0.19617224880382775 0.18660287081339713
3 0.37559808612440193 0.5035885167464115 0.20574162679425836 0.19856459330143542
3 0.18181818181818182 0.5442583732057417 0.22727272727272727 0.21291866028708134