0 0.11722488038277512 0.4019138755980861 0.23444976076555024 0.5454545454545454
0 0.2535885167464115 0.39712918660287083 0.21291866028708134 0.5382775119617225
0 0.39832535885167464 0.3803827751196172 0.20574162679425836 0.5191387559808612
0 0.5442583732057417 0.3480861244019139 0.21291866028708134 0.5191387559808612
0 0.6985645933014354 0.3349282296650718 0.215311004784689 0.5263157894736842
0 0.8576555023923444 0.32057416267942584 0.22966507177033493 0.5358851674641149
2 0.11722488038277512 0.638755980861244 0.09569377990430622 0.06220095693779904
2 0.2703349282296651 0.631578947368421 0.09808612440191387 0.06220095693779904
2 0.423444976076555 0.6016746411483254 0.08373205741626795 0.05980861244019139
2 0.5813397129186603 0.5729665071770335 0.08373205741626795 0.05980861244019139
2 0.7284688995215312 0.5586124401913876 0.08851674641148326 0.05980861244019139
2 0.9007177033492823 0.5526315789473685 0.09090909090909091 0.06220095693779904
3 0.10047846889952153 0.43301435406698563 0.1674641148325359 0.14832535885167464
3 0.2583732057416268 0.4557416267942584 0.15789473684210525 0.12440191387559808
3 0.40311004784689 0.4150717703349282 0.15311004784688995 0.14354066985645933
3 0.5514354066985646 0.3815789473684211 0.1507177033492823 0.11244019138755981
3 0.6997607655502392 0.361244019138756 0.15789473684210525 0.13875598086124402
3 0.8648325358851675 0.36483253588516745 0.1722488038277512 0.14832535885167464