0 0.7655502392344498 0.5430622009569378 0.2751196172248804 0.7799043062200957
0 0.55622009569378 0.6004784688995215 0.24162679425837322 0.7990430622009569
0 0.3708133971291866 0.6136363636363636 0.23923444976076555 0.7607655502392344
0 0.21052631578947367 0.4880382775119617 0.215311004784689 0.7129186602870813
2 0.7966507177033493 0.18779904306220097 0.0861244019138756 0.05502392344497608
2 0.5801435406698564 0.23564593301435408 0.08133971291866028 0.050239234449760764
2 0.39354066985645936 0.26555023923444976 0.07177033492822966 0.05741626794258373
2 0.22129186602870812 0.16267942583732056 0.07416267942583732 0.05741626794258373
3 0.7727272727272727 0.44976076555023925 0.22727272727272727 0.17703349282296652
3 0.5645933014354066 0.47607655502392343 0.1937799043062201 0.1722488038277512
3 0.37559808612440193 0.527511961722488 0.18421052631578946 0.15311004784688995
3 0.21052631578947367 0.39473684210526316 0.1674641148325359 0.15789473684210525