0 0.7655502392344498 0.5143540669856459 0.34688995215311 0.7894736842105263
0 0.5777511961722488 0.40789473684210525 0.3181818181818182 0.8110047846889952
0 0.39952153110047844 0.3684210526315789 0.31100478468899523 0.7368421052631579
0 0.21291866028708134 0.43899521531100477 0.2822966507177033 0.7200956937799043
2 0.7129186602870813 0.8648325358851675 0.09090909090909091 0.0645933014354067
2 0.5131578947368421 0.7679425837320574 0.08373205741626795 0.05741626794258373
2 0.3397129186602871 0.6961722488038278 0.07655502392344497 0.06220095693779904
2 0.1471291866028708 0.757177033492823 0.07894736842105263 0.06220095693779904
3 0.7511961722488039 0.6064593301435407 0.23923444976076555 0.19617224880382775
3 0.5550239234449761 0.5311004784688995 0.20813397129186603 0.18660287081339713
3 0.3839712918660287 0.43779904306220097 0.19617224880382775 0.16985645933014354
3 0.19258373205741627 0.5299043062200957 0.17942583732057416 0.1722488038277512