0 0.75 0.45454545454545453 0.22727272727272727 0.5215311004784688
0 0.5633971291866029 0.4437799043062201 0.22488038277511962 0.5358851674641149
0 0.41746411483253587 0.5011961722488039 0.21291866028708134 0.5454545454545454
0 0.24760765550239233 0.5287081339712919 0.22488038277511962 0.5311004784688995
2 0.7344497607655502 0.21770334928229665 0.05741626794258373 0.03588516746411483
2 0.5430622009569378 0.22488038277511962 0.05502392344497608 0.03827751196172249
2 0.39354066985645936 0.2535885167464115 0.05980861244019139 0.04066985645933014
2 0.22727272727272727 0.28827751196172247 0.05502392344497608 0.03827751196172249
3 0.7511961722488039 0.45215311004784686 0.15789473684210525 0.13636363636363635
3 0.55622009569378 0.3624401913875598 0.14114832535885166 0.11722488038277512
3 0.430622009569378 0.5992822966507177 0.14832535885167464 0.1339712918660287
3 0.23803827751196172 0.43779904306220097 0.16267942583732056 0.13157894736842105