0 0.7679425837320574 0.5239234449760766 0.22129186602870812 0.7667464114832536
0 0.5645933014354066 0.5980861244019139 0.18779904306220097 0.7918660287081339
0 0.3791866028708134 0.6220095693779905 0.18779904306220097 0.7488038277511961
0 0.21052631578947367 0.5083732057416268 0.1674641148325359 0.7033492822966507
2 0.7739234449760766 0.1674641148325359 0.08253588516746412 0.050239234449760764
2 0.5610047846889952 0.23086124401913877 0.07775119617224881 0.045454545454545456
2 0.37799043062200954 0.27392344497607657 0.06818181818181818 0.05263157894736842
2 0.19856459330143542 0.18301435406698566 0.07177033492822966 0.05143540669856459
3 0.7679425837320574 0.430622009569378 0.215311004784689 0.16267942583732056
3 0.562200956937799 0.47129186602870815 0.18421052631578946 0.1590909090909091
3 0.37799043062200954 0.5358851674641149 0.17464114832535885 0.1423444976076555
3 0.20334928229665072 0.4150717703349282 0.15789473684210525 0.14832535885167464