0 0.17583732057416268 0.5011961722488039 0.3444976076555024 0.7368421052631579
0 0.36483253588516745 0.5418660287081339 0.3277511961722488 0.7129186602870813
0 0.5490430622009569 0.5789473684210527 0.3157894736842105 0.7081339712918661
0 0.7440191387559809 0.618421052631579 0.34688995215311 0.7177033492822966
2 0.23803827751196172 0.17942583732057416 0.09090909090909091 0.06698564593301436
2 0.4258373205741627 0.22966507177033493 0.0861244019138756 0.06698564593301436
2 0.6196172248803827 0.27870813397129185 0.0861244019138756 0.06698564593301436
2 0.8169856459330144 0.31220095693779903 0.08851674641148326 0.06698564593301436
3 0.7655502392344498 0.5322966507177034 0.215311004784689 0.19138755980861244
3 0.569377990430622 0.4916267942583732 0.1937799043062201 0.18421052631578946
3 0.38516746411483255 0.45095693779904306 0.20334928229665072 0.19617224880382775
3 0.1937799043062201 0.4055023923444976 0.22488038277511962 0.21052631578947367