0 0.7535885167464115 0.48444976076555024 0.21052631578947367 0.5191387559808612
0 0.5753588516746412 0.5394736842105263 0.20574162679425836 0.5334928229665071
0 0.41985645933014354 0.5191387559808612 0.19617224880382775 0.5430622009569378
0 0.24880382775119617 0.5334928229665071 0.20813397129186603 0.5287081339712919
2 0.7954545454545454 0.7165071770334929 0.05502392344497608 0.03588516746411483
2 0.6088516746411483 0.757177033492823 0.05263157894736842 0.03588516746411483
2 0.4557416267942584 0.7643540669856459 0.05741626794258373 0.03827751196172249
2 0.28708133971291866 0.7715311004784688 0.05502392344497608 0.03827751196172249
3 0.7547846889952153 0.48564593301435405 0.15550239234449761 0.13157894736842105
3 0.5885167464114832 0.6196172248803827 0.13875598086124402 0.11244019138755981
3 0.4090909090909091 0.42105263157894735 0.14354066985645933 0.13157894736842105
3 0.2607655502392344 0.6244019138755981 0.16028708133971292 0.12679425837320574