0 0.7643540669856459 0.4605263157894737 0.284688995215311 0.7009569377990431
0 0.5765550239234449 0.48444976076555024 0.284688995215311 0.7081339712918661
0 0.39593301435406697 0.5083732057416268 0.2631578947368421 0.7081339712918661
0 0.22248803827751196 0.5382775119617225 0.2751196172248804 0.6961722488038278
2 0.8205741626794258 0.7691387559808612 0.11004784688995216 0.0645933014354067
2 0.6160287081339713 0.7990430622009569 0.10526315789473684 0.06220095693779904
2 0.4354066985645933 0.8181818181818182 0.10526315789473684 0.0645933014354067
2 0.2619617224880383 0.8373205741626795 0.11722488038277512 0.07177033492822966
3 0.7739234449760766 0.527511961722488 0.20334928229665072 0.17464114832535885
3 0.5861244019138756 0.5550239234449761 0.19856459330143542 0.1722488038277512
3 0.40669856459330145 0.5765550239234449 0.17942583732057416 0.16028708133971292
3 0.22966507177033493 0.6052631578947368 0.18660287081339713 0.16507177033492823