0 0.8145933014354066 0.5645933014354066 0.20574162679425836 0.7105263157894737
0 0.6196172248803827 0.5657894736842105 0.1937799043062201 0.6901913875598086
0 0.4318181818181818 0.5645933014354066 0.18181818181818182 0.687799043062201
0 0.2332535885167464 0.5633971291866029 0.21291866028708134 0.6901913875598086
2 0.8205741626794258 0.23564593301435408 0.08253588516746412 0.05143540669856459
2 0.6279904306220095 0.24760765550239233 0.07775119617224881 0.05143540669856459
2 0.4270334928229665 0.25598086124401914 0.07655502392344497 0.05263157894736842
2 0.22607655502392343 0.24880382775119617 0.08014354066985646 0.050239234449760764
3 0.23086124401913877 0.47368421052631576 0.18779904306220097 0.15789473684210525
3 0.4318181818181818 0.4748803827751196 0.1674641148325359 0.15430622009569378
3 0.618421052631579 0.47129186602870815 0.1722488038277512 0.1674641148325359
3 0.8169856459330144 0.4677033492822967 0.1937799043062201 0.17703349282296652