0 0.1854066985645933 0.4354066985645933 0.20574162679425836 0.7105263157894737
0 0.3803827751196172 0.4342105263157895 0.1937799043062201 0.6901913875598086
0 0.5681818181818182 0.4354066985645933 0.18181818181818182 0.687799043062201
0 0.7667464114832536 0.4366028708133971 0.21291866028708134 0.6901913875598086
2 0.17942583732057416 0.7643540669856459 0.08253588516746412 0.05143540669856459
2 0.37200956937799046 0.7523923444976076 0.07775119617224881 0.05143540669856459
2 0.5729665071770335 0.7440191387559809 0.07655502392344497 0.05263157894736842
2 0.7739234449760766 0.7511961722488039 0.08014354066985646 0.050239234449760764
3 0.7691387559808612 0.5263157894736842 0.18779904306220097 0.15789473684210525
3 0.5681818181818182 0.5251196172248804 0.1674641148325359 0.15430622009569378
3 0.3815789473684211 0.5287081339712919 0.1722488038277512 0.1674641148325359
3 0.18301435406698566 0.5322966507177034 0.1937799043062201 0.17703349282296652