0 0.20454545454545456 0.5574162679425837 0.22248803827751196 0.5167464114832536
2 0.2117224880382775 0.7834928229665071 0.07894736842105263 0.05502392344497608
3 0.2117224880382775 0.5813397129186603 0.15311004784688995 0.13875598086124402
0 0.36363636363636365 0.5729665071770335 0.21052631578947367 0.5
3 0.34688995215311 0.5861244019138756 0.13157894736842105 0.10526315789473684
2 0.3062200956937799 0.7751196172248804 0.07177033492822966 0.05741626794258373
0 0.45454545454545453 0.6124401913875598 0.17942583732057416 0.47129186602870815
2 0.41985645933014354 0.8133971291866029 0.06698564593301436 0.05263157894736842
3 0.45095693779904306 0.6399521531100478 0.12440191387559808 0.10047846889952153
0 0.5681818181818182 0.6519138755980861 0.19138755980861244 0.45933014354066987
3 0.5657894736842105 0.6638755980861244 0.1339712918660287 0.11004784688995216
2 0.5287081339712919 0.8409090909090909 0.08373205741626795 0.05741626794258373
0 0.7045454545454546 0.6626794258373205 0.23923444976076555 0.48325358851674644
2 0.6303827751196173 0.8516746411483254 0.08373205741626795 0.06937799043062201
3 0.69377990430622 0.6866028708133971 0.14832535885167464 0.11004784688995216