0 0.8600478468899522 0.5490430622009569 0.25598086124401914 0.583732057416268
0 0.6973684210526315 0.5179425837320574 0.22488038277511962 0.569377990430622
0 0.5394736842105263 0.5227272727272727 0.21291866028708134 0.5287081339712919
0 0.4102870813397129 0.49521531100478466 0.19617224880382775 0.5334928229665071
0 0.27870813397129185 0.4700956937799043 0.21052631578947367 0.5502392344497608
0 0.12440191387559808 0.4461722488038278 0.24880382775119617 0.562200956937799
2 0.8755980861244019 0.28827751196172247 0.06698564593301436 0.050239234449760764
2 0.722488038277512 0.2751196172248804 0.06220095693779904 0.05263157894736842
2 0.5801435406698564 0.291866028708134 0.05980861244019139 0.03827751196172249
2 0.4485645933014354 0.25717703349282295 0.05502392344497608 0.03827751196172249
2 0.3277511961722488 0.22607655502392343 0.05741626794258373 0.0430622009569378
2 0.19497607655502391 0.2069377990430622 0.05980861244019139 0.05263157894736842
3 0.8600478468899522 0.5119617224880383 0.17942583732057416 0.15550239234449761
3 0.6973684210526315 0.49521531100478466 0.16267942583732056 0.1674641148325359
3 0.27870813397129185 0.4485645933014354 0.145933014354067 0.15789473684210525
3 0.12200956937799043 0.4461722488038278 0.17703349282296652 0.16267942583732056