0 0.7559808612440191 0.5155502392344498 0.19138755980861244 0.5143540669856459
0 0.5753588516746412 0.465311004784689 0.18660287081339713 0.5239234449760766
0 0.423444976076555 0.4880382775119617 0.17464114832535885 0.5382775119617225
0 0.25 0.4784688995215311 0.18660287081339713 0.5215311004784688
2 0.7882775119617225 0.2811004784688995 0.05502392344497608 0.03349282296650718
2 0.6004784688995215 0.24641148325358853 0.05263157894736842 0.03349282296650718
2 0.4473684210526316 0.24162679425837322 0.05741626794258373 0.03588516746411483
2 0.27870813397129185 0.24043062200956938 0.05263157894736842 0.03588516746411483
3 0.7583732057416268 0.5143540669856459 0.1507177033492823 0.12679425837320574
3 0.5861244019138756 0.38516746411483255 0.13636363636363635 0.11004784688995216
3 0.4150717703349282 0.5873205741626795 0.14114832535885166 0.12440191387559808
3 0.2583732057416268 0.388755980861244 0.15550239234449761 0.12200956937799043