0 0.8169856459330144 0.4318181818181818 0.20334928229665072 0.7105263157894737
0 0.6232057416267942 0.430622009569378 0.18899521531100477 0.6889952153110048
0 0.4354066985645933 0.43301435406698563 0.17822966507177032 0.6854066985645934
0 0.23684210526315788 0.4354066985645933 0.20933014354066987 0.6889952153110048
2 0.8229665071770335 0.7595693779904307 0.08253588516746412 0.05143540669856459
2 0.6291866028708134 0.7488038277511961 0.07775119617224881 0.05143540669856459
2 0.42942583732057416 0.7416267942583732 0.07655502392344497 0.05263157894736842
2 0.2284688995215311 0.75 0.08014354066985646 0.050239234449760764
3 0.2332535885167464 0.5239234449760766 0.1854066985645933 0.15669856459330145
3 0.4342105263157895 0.5227272727272727 0.16507177033492823 0.15430622009569378
3 0.6220095693779905 0.5239234449760766 0.1722488038277512 0.16507177033492823
3 0.819377990430622 0.5287081339712919 0.19258373205741627 0.17464114832535885