0 0.2332535885167464 0.5023923444976076 0.19138755980861244 0.6818181818181818
0 0.4222488038277512 0.5047846889952153 0.19138755980861244 0.6889952153110048
0 0.604066985645933 0.5059808612440191 0.1674641148325359 0.6889952153110048
0 0.7799043062200957 0.5011961722488039 0.18181818181818182 0.6770334928229665
2 0.22009569377990432 0.18899521531100477 0.10526315789473684 0.050239234449760764
2 0.4270334928229665 0.18779904306220097 0.10047846889952153 0.04784688995215311
2 0.6088516746411483 0.1937799043062201 0.09808612440191387 0.05263157894736842
2 0.7822966507177034 0.19856459330143542 0.11004784688995216 0.05741626794258373
3 0.23205741626794257 0.4342105263157895 0.18660287081339713 0.14832535885167464
3 0.4222488038277512 0.43301435406698563 0.17942583732057416 0.14832535885167464
3 0.6028708133971292 0.4366028708133971 0.16267942583732056 0.13875598086124402
3 0.7822966507177034 0.43301435406698563 0.1674641148325359 0.14354066985645933