0 0.13995215311004786 0.31698564593301437 0.24401913875598086 0.5430622009569378
0 0.2834928229665072 0.3444976076555024 0.20334928229665072 0.5358851674641149
0 0.42822966507177035 0.36004784688995217 0.19617224880382775 0.5191387559808612
0 0.5765550239234449 0.361244019138756 0.20574162679425836 0.5191387559808612
0 0.7308612440191388 0.3839712918660287 0.20574162679425836 0.5239234449760766
0 0.888755980861244 0.40669856459330145 0.22248803827751196 0.5334928229665071
2 0.09569377990430622 0.5490430622009569 0.09569377990430622 0.05980861244019139
2 0.24641148325358853 0.5765550239234449 0.09569377990430622 0.05980861244019139
2 0.4019138755980861 0.5825358851674641 0.08373205741626795 0.05741626794258373
2 0.562200956937799 0.5897129186602871 0.08373205741626795 0.05741626794258373
2 0.7093301435406698 0.6088516746411483 0.08851674641148326 0.05741626794258373
2 0.8779904306220095 0.6411483253588517 0.09090909090909091 0.05980861244019139
3 0.1255980861244019 0.3456937799043062 0.16507177033492823 0.145933014354067
3 0.27392344497607657 0.40311004784689 0.15789473684210525 0.12200956937799043
3 0.4246411483253589 0.39593301435406697 0.1507177033492823 0.14114832535885166
3 0.5765550239234449 0.39593301435406697 0.14832535885167464 0.11004784688995216
3 0.7260765550239234 0.4090909090909091 0.15789473684210525 0.13875598086124402
3 0.8863636363636364 0.45095693779904306 0.16985645933014354 0.145933014354067