0 0.8636363636363636 0.5011961722488039 0.17942583732057416 0.5645933014354066
0 0.6973684210526315 0.5095693779904307 0.14952153110047847 0.5550239234449761
0 0.5418660287081339 0.48325358851674644 0.1423444976076555 0.5143540669856459
0 0.4102870813397129 0.4916267942583732 0.12440191387559808 0.5203349282296651
0 0.27631578947368424 0.4988038277511962 0.13636363636363635 0.5370813397129187
0 0.10885167464114832 0.49760765550239233 0.19856459330143542 0.5394736842105263
2 0.8421052631578947 0.7619617224880383 0.061004784688995214 0.041866028708133975
2 0.6889952153110048 0.7535885167464115 0.056220095693779906 0.045454545454545456
2 0.5502392344497608 0.7177033492822966 0.05502392344497608 0.029904306220095694
2 0.4150717703349282 0.7332535885167464 0.050239234449760764 0.03110047846889952
2 0.29066985645933013 0.7476076555023924 0.05263157894736842 0.03708133971291866
2 0.15669856459330145 0.7476076555023924 0.05502392344497608 0.04425837320574163
3 0.8576555023923444 0.5382775119617225 0.16148325358851676 0.1339712918660287
3 0.6949760765550239 0.5322966507177034 0.14354066985645933 0.14952153110047847
3 0.27392344497607657 0.5203349282296651 0.12679425837320574 0.14114832535885166
3 0.11842105263157894 0.5011961722488039 0.1590909090909091 0.14114832535885166