0 0.23803827751196172 0.5526315789473685 0.33014354066985646 0.7081339712918661
0 0.423444976076555 0.5119617224880383 0.33014354066985646 0.7129186602870813
0 0.6004784688995215 0.47248803827751196 0.30861244019138756 0.7105263157894737
0 0.7739234449760766 0.44019138755980863 0.32057416267942584 0.7009569377990431
2 0.29066985645933013 0.8624401913875598 0.11244019138755981 0.07177033492822966
2 0.49401913875598086 0.8205741626794258 0.1076555023923445 0.06698564593301436
2 0.6698564593301436 0.7763157894736842 0.1076555023923445 0.07177033492822966
2 0.8385167464114832 0.7356459330143541 0.11961722488038277 0.07894736842105263
3 0.2511961722488038 0.6196172248803827 0.21291866028708134 0.18421052631578946
3 0.43779904306220097 0.5813397129186603 0.20574162679425836 0.18421052631578946
3 0.6136363636363636 0.5406698564593302 0.18660287081339713 0.16985645933014354
3 0.7894736842105263 0.507177033492823 0.1937799043062201 0.17464114832535885