0 0.25 0.5454545454545454 0.22727272727272727 0.5215311004784688
0 0.4366028708133971 0.55622009569378 0.22488038277511962 0.5358851674641149
0 0.5825358851674641 0.4988038277511962 0.21291866028708134 0.5454545454545454
0 0.7523923444976076 0.47129186602870815 0.22488038277511962 0.5311004784688995
2 0.26555023923444976 0.7822966507177034 0.05741626794258373 0.03588516746411483
2 0.4569377990430622 0.7751196172248804 0.05502392344497608 0.03827751196172249
2 0.6064593301435407 0.7464114832535885 0.05980861244019139 0.04066985645933014
2 0.7727272727272727 0.7117224880382775 0.05502392344497608 0.03827751196172249
3 0.24880382775119617 0.5478468899521531 0.15789473684210525 0.13636363636363635
3 0.4437799043062201 0.6375598086124402 0.14114832535885166 0.11722488038277512
3 0.569377990430622 0.4007177033492823 0.14832535885167464 0.1339712918660287
3 0.7619617224880383 0.562200956937799 0.16267942583732056 0.13157894736842105