0 0.8205741626794258 0.5454545454545454 0.2511961722488038 0.722488038277512
0 0.6279904306220095 0.5610047846889952 0.23684210526315788 0.7009569377990431
0 0.44019138755980863 0.5717703349282297 0.22488038277511962 0.6961722488038278
0 0.24162679425837322 0.5825358851674641 0.25598086124401914 0.7009569377990431
2 0.8038277511961722 0.21889952153110048 0.0861244019138756 0.05741626794258373
2 0.611244019138756 0.24282296650717702 0.08133971291866028 0.05741626794258373
2 0.4126794258373206 0.26435406698564595 0.07894736842105263 0.05741626794258373
2 0.2117224880382775 0.26913875598086123 0.08373205741626795 0.05502392344497608
3 0.23205741626794257 0.49521531100478466 0.19856459330143542 0.16985645933014354
3 0.43301435406698563 0.4820574162679426 0.17464114832535885 0.16507177033492823
3 0.6196172248803827 0.4677033492822967 0.18421052631578946 0.17703349282296652
3 0.8169856459330144 0.4485645933014354 0.20574162679425836 0.18660287081339713