0 0.7679425837320574 0.47607655502392343 0.22009569377990432 0.7655502392344498
0 0.5645933014354066 0.4019138755980861 0.18660287081339713 0.7918660287081339
0 0.3791866028708134 0.37799043062200954 0.18660287081339713 0.7488038277511961
0 0.21052631578947367 0.4916267942583732 0.1674641148325359 0.7033492822966507
2 0.7739234449760766 0.8325358851674641 0.08133971291866028 0.050239234449760764
2 0.5610047846889952 0.7691387559808612 0.07655502392344497 0.045454545454545456
2 0.37799043062200954 0.7260765550239234 0.06698564593301436 0.05263157894736842
2 0.19856459330143542 0.8169856459330144 0.07177033492822966 0.05263157894736842
3 0.7679425837320574 0.569377990430622 0.215311004784689 0.16267942583732056
3 0.562200956937799 0.5287081339712919 0.18421052631578946 0.15789473684210525
3 0.37799043062200954 0.46411483253588515 0.17464114832535885 0.14354066985645933
3 0.20334928229665072 0.5849282296650717 0.15789473684210525 0.14832535885167464