0 0.757177033492823 0.4318181818181818 0.3229665071770335 0.7870813397129187
0 0.5454545454545454 0.39593301435406697 0.291866028708134 0.7918660287081339
0 0.3588516746411483 0.3923444976076555 0.284688995215311 0.7655502392344498
0 0.20813397129186603 0.5299043062200957 0.2607655502392344 0.7177033492822966
2 0.8145933014354066 0.7822966507177034 0.08851674641148326 0.06220095693779904
2 0.5956937799043063 0.7511961722488039 0.08373205741626795 0.05502392344497608
2 0.4090909090909091 0.7368421052631579 0.07416267942583732 0.05980861244019139
2 0.24401913875598086 0.854066985645933 0.07894736842105263 0.05980861244019139
3 0.7715311004784688 0.5239234449760766 0.23444976076555024 0.18899521531100477
3 0.562200956937799 0.5131578947368421 0.20334928229665072 0.18181818181818182
3 0.3708133971291866 0.4772727272727273 0.1937799043062201 0.16507177033492823
3 0.21650717703349281 0.6232057416267942 0.17464114832535885 0.1674641148325359