0 0.22488038277511962 0.6255980861244019 0.21770334928229665 0.5167464114832536
2 0.28827751196172247 0.8421052631578947 0.07894736842105263 0.05502392344497608
3 0.23684210526315788 0.6471291866028708 0.15311004784688995 0.13875598086124402
0 0.3815789473684211 0.6004784688995215 0.20574162679425836 0.49760765550239233
3 0.3696172248803828 0.6172248803827751 0.13157894736842105 0.10287081339712918
2 0.37679425837320574 0.8110047846889952 0.07177033492822966 0.05741626794258373
0 0.48086124401913877 0.6148325358851675 0.17703349282296652 0.47129186602870815
2 0.49521531100478466 0.8181818181818182 0.06698564593301436 0.05263157894736842
3 0.48325358851674644 0.6435406698564593 0.12200956937799043 0.09808612440191387
0 0.6004784688995215 0.6244019138755981 0.18899521531100477 0.4569377990430622
3 0.5992822966507177 0.6363636363636364 0.13157894736842105 0.11004784688995216
2 0.6088516746411483 0.8181818181818182 0.08373205741626795 0.05502392344497608
0 0.7344497607655502 0.6004784688995215 0.23684210526315788 0.48325358851674644
2 0.7105263157894737 0.8014354066985646 0.08373205741626795 0.06937799043062201
3 0.7296650717703349 0.6255980861244019 0.14832535885167464 0.1076555023923445