0 0.8576555023923444 0.430622009569378 0.2751196172248804 0.583732057416268
0 0.6925837320574163 0.4533492822966507 0.24401913875598086 0.569377990430622
0 0.5442583732057417 0.507177033492823 0.22966507177033493 0.5287081339712919
0 0.4126794258373206 0.5215311004784688 0.21291866028708134 0.5334928229665071
0 0.2799043062200957 0.5382775119617225 0.22727272727272727 0.5526315789473685
0 0.1291866028708134 0.569377990430622 0.2583732057416268 0.5645933014354066
2 0.7906698564593302 0.17822966507177032 0.06698564593301436 0.05263157894736842
2 0.6411483253588517 0.21411483253588517 0.06220095693779904 0.05502392344497608
2 0.5107655502392344 0.27392344497607657 0.05980861244019139 0.03827751196172249
2 0.37559808612440193 0.2822966507177033 0.05502392344497608 0.03827751196172249
2 0.2511961722488038 0.291866028708134 0.05741626794258373 0.045454545454545456
2 0.11842105263157894 0.3145933014354067 0.06220095693779904 0.05263157894736842
3 0.8444976076555024 0.39593301435406697 0.18181818181818182 0.16028708133971292
3 0.6854066985645934 0.42942583732057416 0.1674641148325359 0.1722488038277512
3 0.27392344497607657 0.5179425837320574 0.14832535885167464 0.16028708133971292
3 0.12440191387559808 0.5645933014354066 0.18181818181818182 0.16507177033492823