0 0.7535885167464115 0.4892344497607656 0.15789473684210525 0.5047846889952153
0 0.5705741626794258 0.4533492822966507 0.15311004784688995 0.5191387559808612
0 0.41866028708133973 0.4892344497607656 0.14114832535885166 0.5311004784688995
0 0.24641148325358853 0.49282296650717705 0.15430622009569378 0.5143540669856459
2 0.7715311004784688 0.2535885167464115 0.05263157894736842 0.029904306220095694
2 0.5813397129186603 0.2332535885167464 0.050239234449760764 0.03110047846889952
2 0.42822966507177035 0.24162679425837322 0.05502392344497608 0.03229665071770335
2 0.2595693779904306 0.25239234449760767 0.05143540669856459 0.03229665071770335
3 0.7547846889952153 0.4880382775119617 0.14354066985645933 0.11722488038277512
3 0.5753588516746412 0.37200956937799046 0.1291866028708134 0.10047846889952153
3 0.41746411483253587 0.5885167464114832 0.13277511961722488 0.11722488038277512
3 0.24880382775119617 0.4019138755980861 0.14832535885167464 0.11244019138755981