0 0.23564593301435408 0.534688995215311 0.2751196172248804 0.7009569377990431
0 0.423444976076555 0.5143540669856459 0.2727272727272727 0.7081339712918661
0 0.604066985645933 0.49282296650717705 0.2511961722488038 0.7057416267942583
0 0.777511961722488 0.4665071770334928 0.2631578947368421 0.69377990430622
2 0.18421052631578946 0.22488038277511962 0.11004784688995216 0.06220095693779904
2 0.38995215311004783 0.19856459330143542 0.10526315789473684 0.05980861244019139
2 0.5705741626794258 0.18301435406698566 0.10287081339712918 0.06220095693779904
2 0.7440191387559809 0.16626794258373206 0.11722488038277512 0.06937799043062201
3 0.22607655502392343 0.4677033492822967 0.20334928229665072 0.16985645933014354
3 0.4150717703349282 0.44258373205741625 0.19617224880382775 0.16985645933014354
3 0.5944976076555024 0.4246411483253589 0.17703349282296652 0.15789473684210525
3 0.7715311004784688 0.39952153110047844 0.18421052631578946 0.16267942583732056