0 0.18301435406698566 0.4318181818181818 0.2021531100478469 0.7105263157894737
0 0.37679425837320574 0.430622009569378 0.18899521531100477 0.6889952153110048
0 0.5645933014354066 0.43301435406698563 0.17703349282296652 0.6854066985645934
0 0.7631578947368421 0.4354066985645933 0.20813397129186603 0.6889952153110048
2 0.17703349282296652 0.7595693779904307 0.08253588516746412 0.05143540669856459
2 0.3708133971291866 0.7488038277511961 0.07775119617224881 0.05143540669856459
2 0.5705741626794258 0.7416267942583732 0.07655502392344497 0.05263157894736842
2 0.7715311004784688 0.75 0.08014354066985646 0.050239234449760764
3 0.7667464114832536 0.5239234449760766 0.18779904306220097 0.15669856459330145
3 0.5657894736842105 0.5227272727272727 0.16507177033492823 0.15430622009569378
3 0.37799043062200954 0.5239234449760766 0.1722488038277512 0.16507177033492823
3 0.180622009569378 0.5287081339712919 0.1937799043062201 0.17464114832535885