0 0.215311004784689 0.6004784688995215 0.17703349282296652 0.5047846889952153
2 0.2583732057416268 0.8217703349282297 0.07416267942583732 0.050239234449760764
3 0.22488038277511962 0.6232057416267942 0.14354066985645933 0.12679425837320574
0 0.37440191387559807 0.5897129186602871 0.16507177033492823 0.4880382775119617
3 0.36004784688995217 0.6052631578947368 0.12440191387559808 0.09330143540669857
2 0.35047846889952156 0.7990430622009569 0.06698564593301436 0.05263157894736842
0 0.4700956937799043 0.6124401913875598 0.13875598086124402 0.46411483253588515
2 0.4677033492822967 0.8169856459330144 0.06220095693779904 0.04784688995215311
3 0.47129186602870815 0.6411483253588517 0.11722488038277512 0.08851674641148326
0 0.5897129186602871 0.631578947368421 0.1507177033492823 0.4473684210526316
3 0.5873205741626795 0.6447368421052632 0.12440191387559808 0.10047846889952153
2 0.5813397129186603 0.8265550239234449 0.07894736842105263 0.050239234449760764
0 0.7248803827751196 0.6208133971291866 0.19856459330143542 0.47129186602870815
2 0.6830143540669856 0.819377990430622 0.07894736842105263 0.06220095693779904
3 0.7177033492822966 0.645933014354067 0.14114832535885166 0.09808612440191387