0 0.20095693779904306 0.3815789473684211 0.3253588516746411 0.7344497607655502
0 0.39354066985645936 0.4138755980861244 0.31100478468899523 0.7129186602870813
0 0.5789473684210527 0.4485645933014354 0.29904306220095694 0.7081339712918661
0 0.7739234449760766 0.48444976076555024 0.33014354066985646 0.7177033492822966
2 0.13875598086124402 0.7045454545454546 0.09090909090909091 0.0645933014354067
2 0.33014354066985646 0.7260765550239234 0.0861244019138756 0.0645933014354067
2 0.5299043062200957 0.7523923444976076 0.08373205741626795 0.0645933014354067
2 0.7260765550239234 0.7954545454545454 0.08851674641148326 0.06220095693779904
3 0.7607655502392344 0.5729665071770335 0.21291866028708134 0.18899521531100477
3 0.562200956937799 0.5370813397129187 0.19138755980861244 0.18181818181818182
3 0.37799043062200954 0.507177033492823 0.19856459330143542 0.1937799043062201
3 0.18181818181818182 0.4772727272727273 0.22248803827751196 0.20813397129186603