0 0.8133971291866029 0.5849282296650717 0.23923444976076555 0.7200956937799043
0 0.6196172248803827 0.5753588516746412 0.22488038277511962 0.6985645933014354
0 0.4318181818181818 0.5633971291866029 0.21291866028708134 0.69377990430622
0 0.2332535885167464 0.5502392344497608 0.24401913875598086 0.6985645933014354
2 0.8361244019138756 0.25717703349282295 0.0861244019138756 0.05502392344497608
2 0.6423444976076556 0.2583732057416268 0.08133971291866028 0.05502392344497608
2 0.44258373205741625 0.25478468899521534 0.07894736842105263 0.05741626794258373
2 0.24162679425837322 0.23564593301435408 0.08373205741626795 0.05502392344497608
3 0.23444976076555024 0.46172248803827753 0.19617224880382775 0.1674641148325359
3 0.4354066985645933 0.47368421052631576 0.1722488038277512 0.16267942583732056
3 0.6232057416267942 0.4820574162679426 0.18181818181818182 0.17464114832535885
3 0.8205741626794258 0.4880382775119617 0.20334928229665072 0.18421052631578946