0 0.2117224880382775 0.4090909090909091 0.1590909090909091 0.5
2 0.24760765550239233 0.18660287081339713 0.0729665071770335 0.04665071770334928
3 0.22129186602870812 0.38636363636363635 0.13875598086124402 0.12200956937799043
0 0.3708133971291866 0.4150717703349282 0.14832535885167464 0.48325358851674644
3 0.35645933014354064 0.39952153110047844 0.12200956937799043 0.08851674641148326
2 0.3397129186602871 0.2069377990430622 0.06578947368421052 0.050239234449760764
0 0.4665071770334928 0.388755980861244 0.12200956937799043 0.45933014354066987
2 0.4569377990430622 0.18421052631578946 0.061004784688995214 0.045454545454545456
3 0.4665071770334928 0.36004784688995217 0.11363636363636363 0.08492822966507177
0 0.5849282296650717 0.36483253588516745 0.13636363636363635 0.4437799043062201
3 0.5825358851674641 0.35287081339712917 0.12200956937799043 0.09569377990430622
2 0.569377990430622 0.17105263157894737 0.07775119617224881 0.04665071770334928
0 0.7200956937799043 0.37200956937799046 0.18301435406698566 0.46411483253588515
2 0.6722488038277512 0.17464114832535885 0.07655502392344497 0.05980861244019139
3 0.7129186602870813 0.34688995215311 0.13875598086124402 0.09210526315789473