0 0.8110047846889952 0.5813397129186603 0.24162679425837322 0.7200956937799043
0 0.6160287081339713 0.5717703349282297 0.22966507177033493 0.6985645933014354
0 0.42822966507177035 0.5610047846889952 0.21770334928229665 0.6961722488038278
0 0.23086124401913877 0.5490430622009569 0.24880382775119617 0.7009569377990431
2 0.833732057416268 0.25239234449760767 0.0861244019138756 0.05502392344497608
2 0.6411483253588517 0.25478468899521534 0.08133971291866028 0.05502392344497608
2 0.44019138755980863 0.25239234449760767 0.07894736842105263 0.05741626794258373
2 0.23923444976076555 0.23444976076555024 0.08373205741626795 0.05502392344497608
3 0.23205741626794257 0.45933014354066987 0.19617224880382775 0.1674641148325359
3 0.43301435406698563 0.47129186602870815 0.17464114832535885 0.16267942583732056
3 0.6196172248803827 0.4772727272727273 0.18181818181818182 0.17703349282296652
3 0.8181818181818182 0.48444976076555024 0.20334928229665072 0.18660287081339713