0 0.7667464114832536 0.46172248803827753 0.2607655502392344 0.777511961722488
0 0.5598086124401914 0.39952153110047844 0.22966507177033493 0.7990430622009569
0 0.37320574162679426 0.3839712918660287 0.22727272727272727 0.7583732057416268
0 0.21052631578947367 0.507177033492823 0.20334928229665072 0.7105263157894737
2 0.7906698564593302 0.8181818181818182 0.0861244019138756 0.05502392344497608
2 0.5753588516746412 0.7655502392344498 0.07894736842105263 0.050239234449760764
2 0.38995215311004783 0.7320574162679426 0.07177033492822966 0.05502392344497608
2 0.215311004784689 0.8325358851674641 0.07416267942583732 0.05502392344497608
3 0.7715311004784688 0.5550239234449761 0.22248803827751196 0.17464114832535885
3 0.5633971291866029 0.5251196172248804 0.19138755980861244 0.1674641148325359
3 0.37679425837320574 0.4700956937799043 0.18181818181818182 0.1507177033492823
3 0.20813397129186603 0.6004784688995215 0.16507177033492823 0.15550239234449761