0 0.7643540669856459 0.5023923444976076 0.3253588516746411 0.7894736842105263
0 0.5705741626794258 0.4019138755980861 0.2942583732057416 0.8038277511961722
0 0.3911483253588517 0.3660287081339713 0.2894736842105263 0.7320574162679426
0 0.20933014354066987 0.43899521531100477 0.2631578947368421 0.7200956937799043
2 0.7236842105263158 0.8552631578947368 0.08851674641148326 0.06220095693779904
2 0.5215311004784688 0.7631578947368421 0.08373205741626795 0.05502392344497608
2 0.34688995215311 0.6961722488038278 0.07416267942583732 0.06220095693779904
2 0.15789473684210525 0.7595693779904307 0.07894736842105263 0.05980861244019139
3 0.7523923444976076 0.5944976076555024 0.23684210526315788 0.19138755980861244
3 0.5538277511961722 0.5239234449760766 0.20574162679425836 0.18421052631578946
3 0.3803827751196172 0.4342105263157895 0.1937799043062201 0.16507177033492823
3 0.19258373205741627 0.5299043062200957 0.17703349282296652 0.16985645933014354