0 0.8636363636363636 0.49282296650717705 0.19856459330143542 0.5669856459330144
0 0.6973684210526315 0.5059808612440191 0.16985645933014354 0.5574162679425837
0 0.5418660287081339 0.48444976076555024 0.16028708133971292 0.5167464114832536
0 0.4102870813397129 0.49760765550239233 0.14354066985645933 0.5239234449760766
0 0.27631578947368424 0.5083732057416268 0.15550239234449761 0.5406698564593302
0 0.10885167464114832 0.5119617224880383 0.21770334928229665 0.5454545454545454
2 0.8516746411483254 0.7547846889952153 0.06220095693779904 0.0430622009569378
2 0.6973684210526315 0.75 0.05741626794258373 0.04784688995215311
2 0.5574162679425837 0.7188995215311005 0.05502392344497608 0.03110047846889952
2 0.423444976076555 0.7380382775119617 0.050239234449760764 0.03349282296650718
2 0.29904306220095694 0.7559808612440191 0.05502392344497608 0.03827751196172249
2 0.16507177033492823 0.7607655502392344 0.05741626794258373 0.045454545454545456
3 0.8588516746411483 0.5311004784688995 0.16507177033492823 0.13875598086124402
3 0.6961722488038278 0.5299043062200957 0.14832535885167464 0.15550239234449761
3 0.2751196172248804 0.5299043062200957 0.13157894736842105 0.145933014354067
3 0.11842105263157894 0.5143540669856459 0.16267942583732056 0.14354066985645933