0 0.2332535885167464 0.5 0.30861244019138756 0.784688995215311
0 0.4270334928229665 0.4043062200956938 0.2799043062200957 0.8086124401913876
0 0.6076555023923444 0.3696172248803828 0.2727272727272727 0.7392344497607656
0 0.7894736842105263 0.4533492822966507 0.24880382775119617 0.7177033492822966
2 0.26913875598086123 0.854066985645933 0.08851674641148326 0.05980861244019139
2 0.47248803827751196 0.7667464114832536 0.08373205741626795 0.05263157894736842
2 0.6495215311004785 0.7045454545454546 0.07416267942583732 0.05980861244019139
2 0.8385167464114832 0.7751196172248804 0.07655502392344497 0.05741626794258373
3 0.24401913875598086 0.5933014354066986 0.23205741626794257 0.18660287081339713
3 0.4437799043062201 0.5287081339712919 0.20095693779904306 0.17942583732057416
3 0.618421052631579 0.4449760765550239 0.19138755980861244 0.16028708133971292
3 0.80622009569378 0.5454545454545454 0.17464114832535885 0.16507177033492823