0 0.7894736842105263 0.6363636363636364 0.3684210526315789 0.7272727272727273
0 0.6028708133971292 0.59688995215311 0.3492822966507177 0.715311004784689
0 0.42105263157894735 0.5490430622009569 0.3373205741626794 0.7081339712918661
0 0.2284688995215311 0.4988038277511962 0.3684210526315789 0.7177033492822966
2 0.8755980861244019 0.326555023923445 0.09330143540669857 0.06937799043062201
2 0.6854066985645934 0.2894736842105263 0.08851674641148326 0.06937799043062201
2 0.4904306220095694 0.24880382775119617 0.0861244019138756 0.06937799043062201
2 0.2966507177033493 0.19138755980861244 0.09090909090909091 0.06698564593301436
3 0.24641148325358853 0.4126794258373206 0.22009569377990432 0.19856459330143542
3 0.44138755980861244 0.46172248803827753 0.19856459330143542 0.18899521531100477
3 0.6244019138755981 0.5059808612440191 0.20813397129186603 0.20095693779904306
3 0.8169856459330144 0.5490430622009569 0.22966507177033493 0.215311004784689