0 0.2332535885167464 0.49760765550239233 0.19258373205741627 0.6818181818181818
0 0.4222488038277512 0.49521531100478466 0.1901913875598086 0.6889952153110048
0 0.604066985645933 0.49401913875598086 0.1686602870813397 0.6901913875598086
0 0.7799043062200957 0.4988038277511962 0.18301435406698566 0.6770334928229665
2 0.22009569377990432 0.8110047846889952 0.10526315789473684 0.050239234449760764
2 0.4270334928229665 0.812200956937799 0.10047846889952153 0.04784688995215311
2 0.6088516746411483 0.80622009569378 0.09808612440191387 0.05143540669856459
2 0.7822966507177034 0.8014354066985646 0.11124401913875598 0.05741626794258373
3 0.23205741626794257 0.5657894736842105 0.1854066985645933 0.14952153110047847
3 0.4222488038277512 0.5669856459330144 0.17942583732057416 0.14952153110047847
3 0.6028708133971292 0.5633971291866029 0.16148325358851676 0.13875598086124402
3 0.7822966507177034 0.5669856459330144 0.1686602870813397 0.14354066985645933