0 0.18301435406698566 0.45215311004784686 0.24162679425837322 0.7200956937799043
0 0.37679425837320574 0.44019138755980863 0.22966507177033493 0.6985645933014354
0 0.5645933014354066 0.4318181818181818 0.21770334928229665 0.6961722488038278
0 0.7631578947368421 0.4222488038277512 0.24880382775119617 0.7009569377990431
2 0.1937799043062201 0.7811004784688995 0.0861244019138756 0.05502392344497608
2 0.38516746411483255 0.7583732057416268 0.08133971291866028 0.05502392344497608
2 0.5861244019138756 0.7404306220095693 0.07894736842105263 0.05741626794258373
2 0.7870813397129187 0.7368421052631579 0.08373205741626795 0.05502392344497608
3 0.7703349282296651 0.5119617224880383 0.19617224880382775 0.1674641148325359
3 0.569377990430622 0.5215311004784688 0.17464114832535885 0.16267942583732056
3 0.3827751196172249 0.534688995215311 0.18181818181818182 0.17703349282296652
3 0.1854066985645933 0.5490430622009569 0.20334928229665072 0.18660287081339713