1 0.13277511961722488 0.6124401913875598 0.26555023923444976 0.3444976076555024
1 0.18779904306220097 0.34688995215311 0.2607655502392344 0.27751196172248804
1 0.2619617224880383 0.1339712918660287 0.21052631578947367 0.22488038277511962
1 0.4461722488038278 0.1638755980861244 0.22727272727272727 0.2679425837320574
1 0.39712918660287083 0.3923444976076555 0.2511961722488038 0.3038277511961722
1 0.33851674641148327 0.6961722488038278 0.2894736842105263 0.3708133971291866
1 0.5789473684210527 0.6913875598086124 0.2966507177033493 0.3492822966507177
1 0.6136363636363636 0.41626794258373206 0.2511961722488038 0.291866028708134
1 0.638755980861244 0.19617224880382775 0.21770334928229665 0.24880382775119617
1 0.8217703349282297 0.7356459330143541 0.3038277511961722 0.3444976076555024
1 0.8241626794258373 0.44976076555023925 0.2583732057416268 0.30861244019138756
1 0.8169856459330144 0.21650717703349281 0.20813397129186603 0.23923444976076555