1 0.9294258373205742 0.17583732057416268 0.14114832535885166 0.26555023923444976
1 0.9150717703349283 0.4246411483253589 0.16985645933014354 0.25598086124401914
1 0.895933014354067 0.6686602870813397 0.19138755980861244 0.2679425837320574
1 0.8636363636363636 0.895933014354067 0.18660287081339713 0.20813397129186603
1 0.6949760765550239 0.8803827751196173 0.18421052631578946 0.23923444976076555
1 0.7308612440191388 0.645933014354067 0.1937799043062201 0.26555023923444976
1 0.7619617224880383 0.40789473684210525 0.1937799043062201 0.26555023923444976
1 0.7870813397129187 0.1590909090909091 0.1937799043062201 0.2679425837320574
1 0.5956937799043063 0.38516746411483255 0.18660287081339713 0.26555023923444976
1 0.5645933014354066 0.6327751196172249 0.18421052631578946 0.2631578947368421
1 0.5334928229665071 0.8744019138755981 0.18660287081339713 0.2511961722488038
1 0.37559808612440193 0.8588516746411483 0.1937799043062201 0.2751196172248804
1 0.40789473684210525 0.6088516746411483 0.18660287081339713 0.2751196172248804
1 0.4366028708133971 0.36483253588516745 0.19138755980861244 0.2631578947368421
1 0.4677033492822967 0.12200956937799043 0.18899521531100477 0.24401913875598086
1 0.27392344497607657 0.34210526315789475 0.19617224880382775 0.2727272727272727
1 0.24282296650717702 0.5897129186602871 0.1937799043062201 0.2679425837320574
1 0.215311004784689 0.8361244019138756 0.19856459330143542 0.2703349282296651
1 0.07177033492822966 0.8098086124401914 0.14354066985645933 0.2894736842105263
1 0.0861244019138756 0.5657894736842105 0.1722488038277512 0.284688995215311
1 0.10047846889952153 0.3241626794258373 0.1937799043062201 0.2727272727272727