1 0.08492822966507177 0.12320574162679426 0.16985645933014354 0.24641148325358853
1 0.08492822966507177 0.37320574162679426 0.1638755980861244 0.23803827751196172
1 0.0861244019138756 0.6196172248803827 0.16267942583732056 0.25
1 0.08732057416267942 0.8732057416267942 0.1590909090909091 0.23803827751196172
1 0.2583732057416268 0.8672248803827751 0.15430622009569378 0.2452153110047847
1 0.2535885167464115 0.6172248803827751 0.1638755980861244 0.24641148325358853
1 0.2511961722488038 0.37679425837320574 0.16507177033492823 0.24641148325358853
1 0.25717703349282295 0.12679425837320574 0.16507177033492823 0.24880382775119617
1 0.41866028708133973 0.37440191387559807 0.15789473684210525 0.24880382775119617
1 0.41985645933014354 0.6244019138755981 0.15430622009569378 0.24641148325358853
1 0.41985645933014354 0.8708133971291866 0.15789473684210525 0.23923444976076555
1 0.5801435406698564 0.8708133971291866 0.16267942583732056 0.2583732057416268
1 0.5777511961722488 0.6196172248803827 0.15669856459330145 0.2583732057416268
1 0.5789473684210527 0.37320574162679426 0.16267942583732056 0.2452153110047847
1 0.5777511961722488 0.12440191387559808 0.16148325358851676 0.23923444976076555
1 0.7440191387559809 0.3708133971291866 0.1674641148325359 0.25478468899521534
1 0.7440191387559809 0.6208133971291866 0.1638755980861244 0.24880382775119617
1 0.7416267942583732 0.868421052631579 0.1686602870813397 0.2511961722488038
1 0.9150717703349283 0.8648325358851675 0.16985645933014354 0.2703349282296651
1 0.916267942583732 0.6172248803827751 0.1674641148325359 0.26555023923444976
1 0.9174641148325359 0.37440191387559807 0.16507177033492823 0.2535885167464115