1 0.2942583732057416 0.8600478468899522 0.21052631578947367 0.2799043062200957
1 0.5418660287081339 0.8397129186602871 0.20813397129186603 0.32057416267942584
1 0.7679425837320574 0.7990430622009569 0.20095693779904306 0.3349282296650718
1 0.17583732057416268 0.5873205741626795 0.20813397129186603 0.32057416267942584
1 0.33133971291866027 0.5645933014354066 0.19617224880382775 0.3133971291866029
1 0.4904306220095694 0.5430622009569378 0.1937799043062201 0.32057416267942584
1 0.6483253588516746 0.5143540669856459 0.19856459330143542 0.33014354066985646
1 0.8169856459330144 0.49282296650717705 0.19617224880382775 0.3253588516746411
1 0.08492822966507177 0.28708133971291866 0.16985645933014354 0.33014354066985646
1 0.22248803827751196 0.2715311004784689 0.18660287081339713 0.3133971291866029
1 0.37440191387559807 0.25 0.17703349282296652 0.3133971291866029
1 0.5251196172248804 0.22607655502392343 0.1937799043062201 0.3277511961722488
1 0.6794258373205742 0.20095693779904306 0.19856459330143542 0.32057416267942584
1 0.8373205741626795 0.16507177033492823 0.19617224880382775 0.33014354066985646