1 0.7966507177033493 0.18301435406698566 0.19617224880382775 0.3181818181818182
1 0.5466507177033493 0.1590909090909091 0.1937799043062201 0.3181818181818182
1 0.31698564593301437 0.15311004784688995 0.18421052631578946 0.3062200956937799
1 0.8361244019138756 0.4988038277511962 0.1937799043062201 0.3133971291866029
1 0.6794258373205742 0.4820574162679426 0.18421052631578946 0.30861244019138756
1 0.5191387559808612 0.46172248803827753 0.17942583732057416 0.3133971291866029
1 0.36004784688995217 0.4485645933014354 0.18421052631578946 0.3229665071770335
1 0.19138755980861244 0.4246411483253589 0.18181818181818182 0.32057416267942584
1 0.8648325358851675 0.8181818181818182 0.19617224880382775 0.3229665071770335
1 0.7081339712918661 0.7930622009569378 0.1722488038277512 0.30861244019138756
1 0.55622009569378 0.7739234449760766 0.16267942583732056 0.30861244019138756
1 0.4043062200956938 0.7583732057416268 0.17942583732057416 0.32057416267942584
1 0.25 0.7416267942583732 0.18421052631578946 0.3157894736842105
1 0.08732057416267942 0.7380382775119617 0.17464114832535885 0.3277511961722488