1 0.2679425837320574 0.14473684210526316 0.19138755980861244 0.2894736842105263
1 0.5179425837320574 0.15669856459330145 0.18899521531100477 0.3133971291866029
1 0.7464114832535885 0.18301435406698566 0.17942583732057416 0.3277511961722488
1 0.17105263157894737 0.4354066985645933 0.18899521531100477 0.31100478468899523
1 0.326555023923445 0.4473684210526316 0.17703349282296652 0.3062200956937799
1 0.4880382775119617 0.458133971291866 0.17464114832535885 0.31100478468899523
1 0.6471291866028708 0.47607655502392343 0.17942583732057416 0.3229665071770335
1 0.8169856459330144 0.48444976076555024 0.17464114832535885 0.3181818181818182
1 0.08851674641148326 0.7416267942583732 0.17703349282296652 0.32057416267942584
1 0.23923444976076555 0.7476076555023924 0.1674641148325359 0.3062200956937799
1 0.3923444976076555 0.7583732057416268 0.15789473684210525 0.3062200956937799
1 0.5442583732057417 0.7715311004784688 0.17464114832535885 0.3181818181818182
1 0.6997607655502392 0.784688995215311 0.17942583732057416 0.3133971291866029
1 0.861244019138756 0.812200956937799 0.17464114832535885 0.3253588516746411