1 0.22009569377990432 0.8313397129186603 0.18181818181818182 0.31100478468899523
1 0.47129186602870815 0.8433014354066986 0.17942583732057416 0.31100478468899523
1 0.6997607655502392 0.8433014354066986 0.16985645933014354 0.3133971291866029
1 0.16507177033492823 0.5179425837320574 0.17703349282296652 0.3062200956937799
1 0.32177033492822965 0.527511961722488 0.1674641148325359 0.3014354066985646
1 0.4820574162679426 0.5394736842105263 0.16507177033492823 0.30861244019138756
1 0.6423444976076556 0.5442583732057417 0.16985645933014354 0.3181818181818182
1 0.812200956937799 0.5598086124401914 0.16507177033492823 0.3133971291866029
1 0.11961722488038277 0.20095693779904306 0.18181818181818182 0.3157894736842105
1 0.27631578947368424 0.21889952153110048 0.15789473684210525 0.3014354066985646
1 0.42942583732057416 0.22966507177033493 0.145933014354067 0.3038277511961722
1 0.5825358851674641 0.23684210526315788 0.16507177033492823 0.3157894736842105
1 0.7368421052631579 0.2452153110047847 0.16985645933014354 0.30861244019138756
1 0.9019138755980861 0.24043062200956938 0.16507177033492823 0.3229665071770335