1 0.7619617224880383 0.84688995215311 0.16507177033492823 0.3062200956937799
1 0.5095693779904307 0.84688995215311 0.16267942583732056 0.3062200956937799
1 0.2822966507177033 0.8409090909090909 0.15311004784688995 0.3157894736842105
1 0.833732057416268 0.5370813397129187 0.16267942583732056 0.30023923444976075
1 0.6770334928229665 0.5394736842105263 0.15311004784688995 0.29545454545454547
1 0.5155502392344498 0.5442583732057417 0.14952153110047847 0.3014354066985646
1 0.35526315789473684 0.5406698564593302 0.15311004784688995 0.31100478468899523
1 0.1854066985645933 0.5478468899521531 0.14952153110047847 0.30741626794258375
1 0.895933014354067 0.22248803827751196 0.16507177033492823 0.30980861244019137
1 0.7380382775119617 0.2332535885167464 0.1423444976076555 0.29545454545454547
1 0.5849282296650717 0.23564593301435408 0.13157894736842105 0.2966507177033493
1 0.4318181818181818 0.23564593301435408 0.14832535885167464 0.30980861244019137
1 0.27631578947368424 0.23684210526315788 0.15311004784688995 0.3026315789473684
1 0.11244019138755981 0.22607655502392343 0.14832535885167464 0.3157894736842105