1 0.22607655502392343 0.8373205741626795 0.17464114832535885 0.31100478468899523
1 0.4784688995215311 0.8456937799043063 0.1722488038277512 0.30861244019138756
1 0.7045454545454546 0.8433014354066986 0.16507177033492823 0.3133971291866029
1 0.16507177033492823 0.5251196172248804 0.1722488038277512 0.3062200956937799
1 0.32177033492822965 0.5334928229665071 0.16267942583732056 0.3014354066985646
1 0.48325358851674644 0.5442583732057417 0.16028708133971292 0.3062200956937799
1 0.6435406698564593 0.5454545454545454 0.16267942583732056 0.3157894736842105
1 0.812200956937799 0.5586124401913876 0.16028708133971292 0.3133971291866029
1 0.11363636363636363 0.20933014354066987 0.17464114832535885 0.3157894736842105
1 0.2715311004784689 0.22488038277511962 0.15311004784688995 0.3014354066985646
1 0.4246411483253589 0.2332535885167464 0.14114832535885166 0.3014354066985646
1 0.5777511961722488 0.23803827751196172 0.15789473684210525 0.3157894736842105
1 0.7332535885167464 0.2452153110047847 0.16267942583732056 0.30861244019138756
1 0.8971291866028708 0.23923444976076555 0.16028708133971292 0.32057416267942584