1 0.6770334928229665 0.13516746411483255 0.22966507177033493 0.2703349282296651
1 0.4318181818181818 0.1638755980861244 0.22727272727272727 0.3277511961722488
1 0.2117224880382775 0.22009569377990432 0.22009569377990432 0.34210526315789475
1 0.8169856459330144 0.38995215311004783 0.22488038277511962 0.3277511961722488
1 0.6638755980861244 0.4246411483253589 0.215311004784689 0.32057416267942584
1 0.5059808612440191 0.4569377990430622 0.21291866028708134 0.3253588516746411
1 0.35047846889952156 0.4964114832535885 0.21770334928229665 0.3373205741626794
1 0.18421052631578946 0.5287081339712919 0.215311004784689 0.33253588516746413
1 0.916267942583732 0.6830143540669856 0.1674641148325359 0.3373205741626794
1 0.7930622009569378 0.7081339712918661 0.20574162679425836 0.3181818181818182
1 0.6423444976076556 0.7404306220095693 0.1937799043062201 0.3181818181818182
1 0.49401913875598086 0.7751196172248804 0.21291866028708134 0.33253588516746413
1 0.34210526315789475 0.8098086124401914 0.21770334928229665 0.3277511961722488
1 0.18421052631578946 0.8444976076555024 0.215311004784689 0.31100478468899523