0 0.19617224880382775 0.777511961722488 0.36363636363636365 0.4449760765550239
0 0.5406698564593302 0.7392344497607656 0.45454545454545453 0.47607655502392343
0 0.861244019138756 0.7009569377990431 0.27751196172248804 0.42105263157894735
0 0.1375598086124402 0.4019138755980861 0.2751196172248804 0.41148325358851673
0 0.45215311004784686 0.3361244019138756 0.4784688995215311 0.5047846889952153
0 0.8229665071770335 0.2727272727272727 0.35167464114832536 0.44976076555023925
2 0.20454545454545456 0.9485645933014354 0.145933014354067 0.10287081339712918
2 0.5717703349282297 0.9055023923444976 0.17464114832535885 0.12200956937799043
2 0.0729665071770335 0.5215311004784688 0.145933014354067 0.1291866028708134
2 0.47129186602870815 0.48564593301435405 0.16028708133971292 0.11722488038277512
2 0.90311004784689 0.4007177033492823 0.17942583732057416 0.1339712918660287