0 0.7368421052631579 0.7882775119617225 0.43779904306220097 0.3349282296650718
0 0.5825358851674641 0.1471291866028708 0.3660287081339713 0.291866028708134
0 0.3062200956937799 0.21889952153110048 0.21052631578947367 0.43779904306220097
0 0.1590909090909091 0.20454545454545456 0.22248803827751196 0.4090909090909091
0 0.10526315789473684 0.5921052631578947 0.21052631578947367 0.361244019138756
0 0.2751196172248804 0.6244019138755981 0.22488038277511962 0.4090909090909091
0 0.45933014354066987 0.6602870813397129 0.23684210526315788 0.3349282296650718
0 0.5251196172248804 0.388755980861244 0.35406698564593303 0.30861244019138756
0 0.8995215311004785 0.3839712918660287 0.20095693779904306 0.5526315789473685
0 0.7739234449760766 0.3923444976076555 0.215311004784689 0.5119617224880383
2 0.9593301435406698 0.17105263157894737 0.0645933014354067 0.06937799043062201
2 0.812200956937799 0.19258373205741627 0.0861244019138756 0.08851674641148326
2 0.8947368421052632 0.784688995215311 0.0645933014354067 0.08851674641148326
2 0.4437799043062201 0.5430622009569378 0.0645933014354067 0.08133971291866028
2 0.4557416267942584 0.061004784688995214 0.07416267942583732 0.08851674641148326
2 0.3672248803827751 0.03110047846889952 0.07894736842105263 0.06220095693779904
2 0.23444976076555024 0.023923444976076555 0.07177033492822966 0.04784688995215311
2 0.0729665071770335 0.44976076555023925 0.06937799043062201 0.09569377990430622
2 0.3181818181818182 0.4605263157894737 0.06698564593301436 0.05502392344497608
2 0.40789473684210525 0.284688995215311 0.07416267942583732 0.09330143540669857