0 0.2021531100478469 0.27631578947368424 0.4043062200956938 0.284688995215311
0 0.5059808612440191 0.8624401913875598 0.3373205741626794 0.2511961722488038
0 0.7547846889952153 0.7272727272727273 0.15550239234449761 0.42822966507177035
0 0.9066985645933014 0.7236842105263158 0.16507177033492823 0.44019138755980863
0 0.8660287081339713 0.3133971291866029 0.17942583732057416 0.3444976076555024
0 0.6889952153110048 0.3253588516746411 0.1722488038277512 0.39473684210526316
0 0.5011961722488039 0.3349282296650718 0.19856459330143542 0.3157894736842105
0 0.5023923444976076 0.6136363636363636 0.3229665071770335 0.2703349282296651
0 0.12799043062200957 0.7129186602870813 0.15311004784688995 0.5454545454545454
0 0.2595693779904306 0.6710526315789473 0.14832535885167464 0.5047846889952153
2 0.13277511961722488 0.930622009569378 0.05741626794258373 0.0645933014354067
2 0.2715311004784689 0.8732057416267942 0.07655502392344497 0.08133971291866028
2 0.04904306220095694 0.319377990430622 0.05502392344497608 0.08373205741626795
2 0.5442583732057417 0.4449760765550239 0.05741626794258373 0.07655502392344497
2 0.6483253588516746 0.9150717703349283 0.0645933014354067 0.08133971291866028
2 0.742822966507177 0.9234449760765551 0.07416267942583732 0.05502392344497608
2 0.8755980861244019 0.9090909090909091 0.0645933014354067 0.0645933014354067
2 0.9258373205741627 0.4449760765550239 0.05980861244019139 0.08851674641148326
2 0.6854066985645934 0.49401913875598086 0.06220095693779904 0.04784688995215311
2 0.6411483253588517 0.6866028708133971 0.0645933014354067 0.0861244019138756