0 0.8409090909090909 0.5741626794258373 0.12440191387559808 0.37320574162679426
0 0.6495215311004785 0.5885167464114832 0.1339712918660287 0.33014354066985646
0 0.49282296650717705 0.5861244019138756 0.12440191387559808 0.3397129186602871
0 0.35047846889952156 0.5442583732057417 0.11004784688995216 0.33014354066985646
0 0.08732057416267942 0.6602870813397129 0.13875598086124402 0.3492822966507177
0 0.21411483253588517 0.5801435406698564 0.07416267942583732 0.2631578947368421
0 0.15669856459330145 0.6255980861244019 0.09569377990430622 0.29904306220095694
2 0.5992822966507177 0.27631578947368424 0.05980861244019139 0.05741626794258373
2 0.21889952153110048 0.38516746411483255 0.06220095693779904 0.05502392344497608
2 0.08732057416267942 0.5394736842105263 0.10287081339712918 0.06937799043062201
2 0.6961722488038278 0.5358851674641149 0.07894736842105263 0.05263157894736842
2 0.9126794258373205 0.5035885167464115 0.09330143540669857 0.05980861244019139
2 0.7918660287081339 0.30980861244019137 0.06220095693779904 0.04784688995215311
2 0.8409090909090909 0.4126794258373206 0.12679425837320574 0.07177033492822966
2 0.4796650717703349 0.3839712918660287 0.06698564593301436 0.04066985645933014
2 0.6196172248803827 0.37440191387559807 0.06937799043062201 0.03827751196172249