0 0.8779904306220095 0.4090909090909091 0.13875598086124402 0.3397129186602871
0 0.7368421052631579 0.3827751196172249 0.13157894736842105 0.35167464114832536
0 0.6016746411483254 0.3827751196172249 0.12200956937799043 0.34210526315789475
0 0.465311004784689 0.3660287081339713 0.11961722488038277 0.3181818181818182
0 0.33014354066985646 0.35526315789473684 0.11483253588516747 0.3038277511961722
0 0.24641148325358853 0.4019138755980861 0.11004784688995216 0.361244019138756
0 0.7703349282296651 0.6124401913875598 0.13157894736842105 0.2703349282296651
0 0.6399521531100478 0.6064593301435407 0.13157894736842105 0.2631578947368421
0 0.5155502392344498 0.5992822966507177 0.1291866028708134 0.2631578947368421
0 0.38995215311004783 0.5944976076555024 0.1339712918660287 0.2583732057416268
0 0.25478468899521534 0.5897129186602871 0.14114832535885166 0.2942583732057416
0 0.10406698564593302 0.5741626794258373 0.13875598086124402 0.32057416267942584
3 0.8672248803827751 0.37200956937799046 0.14114832535885166 0.11483253588516747
3 0.7559808612440191 0.37799043062200954 0.145933014354067 0.13157894736842105
3 0.6279904306220095 0.3684210526315789 0.14354066985645933 0.11483253588516747
3 0.48444976076555024 0.361244019138756 0.14114832535885166 0.09330143540669857
3 0.3576555023923445 0.35167464114832536 0.11004784688995216 0.10287081339712918
3 0.22488038277511962 0.3624401913875598 0.12679425837320574 0.11961722488038277
3 0.12440191387559808 0.5179425837320574 0.12679425837320574 0.09090909090909091
3 0.2607655502392344 0.5299043062200957 0.14354066985645933 0.07655502392344497
3 0.40789473684210525 0.5239234449760766 0.08133971291866028 0.05263157894736842
3 0.5119617224880383 0.534688995215311 0.11722488038277512 0.07416267942583732
3 0.6399521531100478 0.5454545454545454 0.145933014354067 0.06937799043062201
3 0.7751196172248804 0.5514354066985646 0.12440191387559808 0.05741626794258373
2 0.12679425837320574 0.7093301435406698 0.06937799043062201 0.04784688995215311
2 0.25478468899521534 0.7021531100478469 0.07894736842105263 0.05980861244019139
2 0.3827751196172249 0.7069377990430622 0.07416267942583732 0.05502392344497608
2 0.5119617224880383 0.7165071770334929 0.07655502392344497 0.045454545454545456
2 0.6351674641148325 0.715311004784689 0.08133971291866028 0.05502392344497608
2 0.7667464114832536 0.722488038277512 0.07894736842105263 0.05502392344497608
2 0.8636363636363636 0.5669856459330144 0.07177033492822966 0.050239234449760764
2 0.7356459330143541 0.5633971291866029 0.07416267942583732 0.05263157894736842
2 0.6088516746411483 0.5598086124401914 0.07177033492822966 0.05502392344497608
2 0.48325358851674644 0.5550239234449761 0.07416267942583732 0.05263157894736842
2 0.35526315789473684 0.5526315789473685 0.06937799043062201 0.05263157894736842
2 0.22488038277511962 0.5586124401913876 0.07177033492822966 0.06220095693779904