0 0.6889952153110048 0.3456937799043062 0.1507177033492823 0.45933014354066987
0 0.6052631578947368 0.35406698564593303 0.21052631578947367 0.5239234449760766
0 0.5155502392344498 0.3696172248803828 0.18181818181818182 0.47368421052631576
0 0.42105263157894735 0.4019138755980861 0.1291866028708134 0.41626794258373206
0 0.3444976076555024 0.39832535885167464 0.18899521531100477 0.5382775119617225
0 0.2595693779904306 0.4366028708133971 0.19138755980861244 0.47368421052631576
3 0.6291866028708134 0.39354066985645936 0.1339712918660287 0.11961722488038277
3 0.5322966507177034 0.41148325358851673 0.11244019138755981 0.09808612440191387
3 0.7081339712918661 0.3791866028708134 0.09330143540669857 0.08373205741626795
3 0.37799043062200954 0.44019138755980863 0.12440191387559808 0.10047846889952153
3 0.25717703349282295 0.4473684210526316 0.11961722488038277 0.10287081339712918
3 0.4473684210526316 0.42822966507177035 0.07416267942583732 0.08373205741626795
2 0.6590909090909091 0.5777511961722488 0.08133971291866028 0.07416267942583732
2 0.5729665071770335 0.5801435406698564 0.07177033492822966 0.0645933014354067
2 0.44976076555023925 0.5897129186602871 0.0645933014354067 0.05502392344497608
2 0.4019138755980861 0.6232057416267942 0.08133971291866028 0.05980861244019139
2 0.31220095693779903 0.6279904306220095 0.07894736842105263 0.0645933014354067
2 0.7033492822966507 0.5406698564593302 0.07177033492822966 0.06220095693779904