0 0.3062200956937799 0.6483253588516746 0.13636363636363635 0.45933014354066987
0 0.38995215311004783 0.6423444976076556 0.1937799043062201 0.5239234449760766
0 0.4796650717703349 0.6291866028708134 0.1674641148325359 0.47368421052631576
0 0.5753588516746412 0.6004784688995215 0.11722488038277512 0.41626794258373206
0 0.6519138755980861 0.6064593301435407 0.16985645933014354 0.5382775119617225
0 0.7380382775119617 0.5717703349282297 0.17464114832535885 0.47129186602870815
3 0.3672248803827751 0.6016746411483254 0.13157894736842105 0.11483253588516747
3 0.465311004784689 0.5873205741626795 0.11004784688995216 0.09569377990430622
3 0.28708133971291866 0.6136363636363636 0.09090909090909091 0.08133971291866028
3 0.6196172248803827 0.5645933014354066 0.12200956937799043 0.09808612440191387
3 0.7404306220095693 0.562200956937799 0.11722488038277512 0.09808612440191387
3 0.5502392344497608 0.5741626794258373 0.07177033492822966 0.08133971291866028
2 0.34330143540669855 0.41746411483253587 0.07894736842105263 0.07177033492822966
2 0.430622009569378 0.41626794258373206 0.06937799043062201 0.06220095693779904
2 0.5526315789473685 0.41148325358851673 0.06220095693779904 0.05263157894736842
2 0.6028708133971292 0.3803827751196172 0.08133971291866028 0.05741626794258373
2 0.6913875598086124 0.3791866028708134 0.07655502392344497 0.06220095693779904
2 0.29784688995215314 0.45215311004784686 0.07177033492822966 0.06220095693779904