0 0.777511961722488 0.37320574162679426 0.12679425837320574 0.29904306220095694
0 0.6507177033492823 0.35406698564593303 0.10287081339712918 0.27751196172248804
0 0.7811004784688995 0.5944976076555024 0.145933014354067 0.3803827751196172
0 0.6232057416267942 0.5849282296650717 0.1291866028708134 0.37799043062200954
0 0.5430622009569378 0.5897129186602871 0.09330143540669857 0.3684210526315789
0 0.4366028708133971 0.5873205741626795 0.11483253588516747 0.38995215311004783
0 0.3133971291866029 0.5789473684210527 0.10526315789473684 0.3588516746411483
0 0.19258373205741627 0.5813397129186603 0.11244019138755981 0.35406698564593303
0 0.5382775119617225 0.36004784688995217 0.1076555023923445 0.26555023923444976
0 0.41985645933014354 0.35406698564593303 0.11483253588516747 0.2966507177033493
0 0.30861244019138756 0.3456937799043062 0.09090909090909091 0.2607655502392344
0 0.1854066985645933 0.36483253588516745 0.1291866028708134 0.2966507177033493
3 0.7834928229665071 0.37320574162679426 0.11961722488038277 0.05741626794258373
3 0.666267942583732 0.3588516746411483 0.11244019138755981 0.06937799043062201
3 0.5442583732057417 0.36483253588516745 0.11722488038277512 0.05502392344497608
3 0.4246411483253589 0.36363636363636365 0.11244019138755981 0.04784688995215311
3 0.3157894736842105 0.3576555023923445 0.1076555023923445 0.05741626794258373
3 0.19258373205741627 0.35645933014354064 0.12200956937799043 0.05741626794258373
3 0.19258373205741627 0.5430622009569378 0.11961722488038277 0.05263157894736842
3 0.31220095693779903 0.5430622009569378 0.10526315789473684 0.05980861244019139
3 0.4258373205741627 0.5442583732057417 0.10287081339712918 0.05741626794258373
3 0.5406698564593302 0.5478468899521531 0.10287081339712918 0.05980861244019139
3 0.6578947368421053 0.5478468899521531 0.09808612440191387 0.05502392344497608
3 0.7727272727272727 0.5466507177033493 0.10047846889952153 0.05502392344497608
2 0.7858851674641149 0.24162679425837322 0.07894736842105263 0.0430622009569378
2 0.6686602870813397 0.23803827751196172 0.07416267942583732 0.04066985645933014
2 0.5490430622009569 0.24162679425837322 0.07894736842105263 0.04066985645933014
2 0.4318181818181818 0.23923444976076555 0.08373205741626795 0.0430622009569378
2 0.319377990430622 0.23684210526315788 0.07894736842105263 0.0430622009569378
2 0.21052631578947367 0.23923444976076555 0.08373205741626795 0.03349282296650718
2 0.7858851674641149 0.4222488038277512 0.08133971291866028 0.02631578947368421
2 0.6650717703349283 0.41866028708133973 0.07894736842105263 0.0430622009569378
2 0.5466507177033493 0.41626794258373206 0.09330143540669857 0.04066985645933014
2 0.4270334928229665 0.42105263157894735 0.07655502392344497 0.0430622009569378
2 0.3181818181818182 0.42105263157894735 0.07655502392344497 0.03827751196172249
2 0.20095693779904306 0.41746411483253587 0.0861244019138756 0.03827751196172249