0 0.7894736842105263 0.4473684210526316 0.2607655502392344 0.36363636363636365
0 0.6267942583732058 0.45933014354066987 0.2703349282296651 0.35406698564593303
0 0.41746411483253587 0.43899521531100477 0.3349282296650718 0.4784688995215311
0 0.6746411483253588 0.638755980861244 0.17703349282296652 0.15550239234449761
0 0.5227272727272727 0.6196172248803827 0.1674641148325359 0.15789473684210525
0 0.3480861244019139 0.5574162679425837 0.2583732057416268 0.3038277511961722
0 0.5478468899521531 0.6913875598086124 0.11961722488038277 0.12679425837320574
0 0.6148325358851675 0.6830143540669856 0.1339712918660287 0.16267942583732056
0 0.4019138755980861 0.7069377990430622 0.15550239234449761 0.13157894736842105
2 0.42942583732057416 0.5944976076555024 0.1339712918660287 0.11004784688995216
2 0.6255980861244019 0.5909090909090909 0.12200956937799043 0.09569377990430622
2 0.7894736842105263 0.5801435406698564 0.11483253588516747 0.09330143540669857
2 0.5322966507177034 0.6435406698564593 0.09090909090909091 0.09090909090909091
2 0.36363636363636365 0.65311004784689 0.11722488038277512 0.10287081339712918
2 0.6866028708133971 0.6351674641148325 0.09090909090909091 0.0645933014354067
2 0.5287081339712919 0.7081339712918661 0.07177033492822966 0.05741626794258373
2 0.5992822966507177 0.6842105263157895 0.07894736842105263 0.0645933014354067
2 0.39593301435406697 0.7212918660287081 0.0861244019138756 0.07177033492822966
2 0.4605263157894737 0.6961722488038278 0.06220095693779904 0.05741626794258373