0 0.07775119617224881 0.5514354066985646 0.15550239234449761 0.37559808612440193
0 0.23205741626794257 0.59688995215311 0.2511961722488038 0.39952153110047844
0 0.742822966507177 0.6889952153110048 0.24880382775119617 0.4138755980861244
0 0.9066985645933014 0.6997607655502392 0.18660287081339713 0.3660287081339713
0 0.24760765550239233 0.21052631578947367 0.21770334928229665 0.36363636363636365
0 0.3875598086124402 0.24162679425837322 0.17464114832535885 0.3277511961722488
0 0.4916267942583732 0.26555023923444976 0.18181818181818182 0.33253588516746413
0 0.6088516746411483 0.29066985645933013 0.22009569377990432 0.3444976076555024
0 0.7308612440191388 0.3229665071770335 0.18660287081339713 0.3444976076555024
0 0.8576555023923444 0.326555023923445 0.22488038277511962 0.3875598086124402
3 0.06818181818181818 0.5023923444976076 0.13636363636363635 0.10047846889952153
3 0.20334928229665072 0.5526315789473685 0.12679425837320574 0.10047846889952153
3 0.7332535885167464 0.6674641148325359 0.15789473684210525 0.10526315789473684
3 0.8911483253588517 0.6734449760765551 0.11244019138755981 0.07177033492822966
3 0.26435406698564595 0.19138755980861244 0.13636363636363635 0.10047846889952153
3 0.37440191387559807 0.22248803827751196 0.12679425837320574 0.10287081339712918
3 0.48564593301435405 0.2452153110047847 0.1076555023923445 0.07655502392344497
3 0.6028708133971292 0.26435406698564595 0.11004784688995216 0.07416267942583732
3 0.7308612440191388 0.2727272727272727 0.12679425837320574 0.0861244019138756
3 0.8648325358851675 0.30023923444976075 0.1339712918660287 0.08851674641148326
2 0.2751196172248804 0.0729665071770335 0.08133971291866028 0.05980861244019139
2 0.40311004784689 0.1076555023923445 0.07416267942583732 0.0645933014354067
2 0.5215311004784688 0.13636363636363635 0.07655502392344497 0.05263157894736842
2 0.618421052631579 0.15550239234449761 0.06937799043062201 0.05741626794258373
2 0.7535885167464115 0.1686602870813397 0.08373205741626795 0.05502392344497608
2 0.8803827751196173 0.1901913875598086 0.10287081339712918 0.06220095693779904
2 0.08492822966507177 0.3911483253588517 0.07177033492822966 0.050239234449760764
2 0.24401913875598086 0.42822966507177035 0.09808612440191387 0.05263157894736842
2 0.757177033492823 0.5358851674641149 0.09330143540669857 0.0645933014354067
2 0.9222488038277512 0.55622009569378 0.07894736842105263 0.05741626794258373