0 0.881578947368421 0.7212918660287081 0.12320574162679426 0.5311004784688995
0 0.7404306220095693 0.7212918660287081 0.11602870813397129 0.5406698564593302
0 0.5861244019138756 0.7081339712918661 0.12799043062200957 0.534688995215311
0 0.4270334928229665 0.7045454545454546 0.1339712918660287 0.5191387559808612
0 0.26435406698564595 0.687799043062201 0.1375598086124402 0.49521531100478466
0 0.11363636363636363 0.6686602870813397 0.14114832535885166 0.4688995215311005
0 0.10885167464114832 0.21052631578947367 0.1471291866028708 0.2583732057416268
0 0.26913875598086123 0.21052631578947367 0.14114832535885166 0.26555023923444976
0 0.4126794258373206 0.21052631578947367 0.14952153110047847 0.3349282296650718
0 0.5789473684210527 0.22607655502392343 0.14473684210526316 0.3576555023923445
0 0.7332535885167464 0.22129186602870812 0.1471291866028708 0.4222488038277512
0 0.8923444976076556 0.24043062200956938 0.10885167464114832 0.37559808612440193