0 0.8564593301435407 0.25478468899521534 0.17703349282296652 0.5095693779904307
0 0.715311004784689 0.26435406698564595 0.1722488038277512 0.5287081339712919
0 0.5633971291866029 0.2834928229665072 0.18421052631578946 0.5454545454545454
0 0.4055023923444976 0.3038277511961722 0.18660287081339713 0.5311004784688995
0 0.24641148325358853 0.3373205741626794 0.18899521531100477 0.507177033492823
0 0.09808612440191387 0.37320574162679426 0.18899521531100477 0.48086124401913877
0 0.14114832535885166 0.8289473684210527 0.1722488038277512 0.2727272727272727
0 0.30023923444976075 0.812200956937799 0.1674641148325359 0.2799043062200957
0 0.4437799043062201 0.7966507177033493 0.18421052631578946 0.3492822966507177
0 0.6076555023923444 0.7643540669856459 0.18181818181818182 0.3708133971291866
0 0.7607655502392344 0.7523923444976076 0.19138755980861244 0.4354066985645933
0 0.9174641148325359 0.7177033492822966 0.14832535885167464 0.38516746411483255