0 0.26435406698564595 0.7081339712918661 0.20334928229665072 0.37320574162679426
0 0.35526315789473684 0.6842105263157895 0.17464114832535885 0.33253588516746413
0 0.4342105263157895 0.6423444976076556 0.17464114832535885 0.3253588516746411
0 0.5191387559808612 0.6351674641148325 0.18181818181818182 0.3133971291866029
0 0.6124401913875598 0.6064593301435407 0.16985645933014354 0.33253588516746413
0 0.6854066985645934 0.5873205741626795 0.16985645933014354 0.3133971291866029
0 0.7870813397129187 0.5789473684210527 0.16028708133971292 0.3277511961722488
2 0.21291866028708134 0.5753588516746412 0.08851674641148326 0.06937799043062201
2 0.31220095693779903 0.5490430622009569 0.07416267942583732 0.0645933014354067
2 0.39952153110047844 0.5334928229665071 0.07894736842105263 0.0645933014354067
2 0.4820574162679426 0.5191387559808612 0.06937799043062201 0.05741626794258373
2 0.5657894736842105 0.4868421052631579 0.06698564593301436 0.04784688995215311
2 0.6602870813397129 0.4688995215311005 0.08133971291866028 0.07177033492822966
2 0.7511961722488039 0.4485645933014354 0.07416267942583732 0.06698564593301436