0 0.8277511961722488 0.6208133971291866 0.1507177033492823 0.37799043062200954
0 0.6351674641148325 0.6076555023923444 0.15550239234449761 0.3373205741626794
0 0.48086124401913877 0.5849282296650717 0.145933014354067 0.3444976076555024
0 0.07535885167464115 0.6016746411483254 0.1507177033492823 0.35645933014354064
0 0.20574162679425836 0.5394736842105263 0.09330143540669857 0.2679425837320574
0 0.14354066985645933 0.5765550239234449 0.11483253588516747 0.3038277511961722
2 0.6291866028708134 0.291866028708134 0.06220095693779904 0.05980861244019139
2 0.23684210526315788 0.34688995215311 0.06698564593301436 0.05980861244019139
2 0.0861244019138756 0.4820574162679426 0.1076555023923445 0.07655502392344497
2 0.6889952153110048 0.5633971291866029 0.08373205741626795 0.05741626794258373
2 0.9090909090909091 0.5610047846889952 0.09569377990430622 0.06698564593301436
2 0.8145933014354066 0.35287081339712917 0.0645933014354067 0.05263157894736842
2 0.8492822966507177 0.4605263157894737 0.13157894736842105 0.08133971291866028
2 0.49521531100478466 0.3815789473684211 0.06937799043062201 0.045454545454545456
2 0.6363636363636364 0.3923444976076555 0.07177033492822966 0.0430622009569378