0 0.26913875598086123 0.4449760765550239 0.16028708133971292 0.33014354066985646
0 0.7906698564593302 0.48325358851674644 0.18181818181818182 0.44258373205741625
0 0.638755980861244 0.4677033492822967 0.16985645933014354 0.39712918660287083
0 0.5083732057416268 0.4688995215311005 0.15789473684210525 0.35645933014354064
0 0.3875598086124402 0.45933014354066987 0.13157894736842105 0.35406698564593303
0 0.1686602870813397 0.45215311004784686 0.12200956937799043 0.3181818181818182
2 0.8014354066985646 0.6590909090909091 0.10047846889952153 0.07416267942583732
2 0.6483253588516746 0.6220095693779905 0.09569377990430622 0.06220095693779904
2 0.5167464114832536 0.6028708133971292 0.08133971291866028 0.05741626794258373
2 0.39593301435406697 0.5873205741626795 0.06937799043062201 0.050239234449760764
2 0.284688995215311 0.5801435406698564 0.06698564593301436 0.0430622009569378
2 0.17703349282296652 0.5466507177033493 0.08851674641148326 0.05980861244019139