0 0.722488038277512 0.5825358851674641 0.15311004784688995 0.3277511961722488
0 0.20933014354066987 0.48086124401913877 0.17464114832535885 0.44019138755980863
0 0.3576555023923445 0.5155502392344498 0.16267942583732056 0.39473684210526316
0 0.4880382775119617 0.5287081339712919 0.1507177033492823 0.35406698564593303
0 0.6064593301435407 0.5538277511961722 0.12440191387559808 0.35167464114832536
0 0.8241626794258373 0.5873205741626795 0.11722488038277512 0.3157894736842105
2 0.22009569377990432 0.3062200956937799 0.10047846889952153 0.07177033492822966
2 0.3672248803827751 0.361244019138756 0.09330143540669857 0.05980861244019139
2 0.4964114832535885 0.39593301435406697 0.08133971291866028 0.05502392344497608
2 0.6136363636363636 0.4258373205741627 0.06937799043062201 0.04784688995215311
2 0.7236842105263158 0.4473684210526316 0.06698564593301436 0.0430622009569378
2 0.8265550239234449 0.49282296650717705 0.08851674641148326 0.05980861244019139