0 0.8253588516746412 0.6267942583732058 0.15550239234449761 0.3803827751196172
0 0.6339712918660287 0.6100478468899522 0.16267942583732056 0.3373205741626794
0 0.4784688995215311 0.583732057416268 0.15311004784688995 0.34688995215311
0 0.3456937799043062 0.5203349282296651 0.13636363636363635 0.3349282296650718
0 0.07535885167464115 0.5933014354066986 0.1507177033492823 0.3588516746411483
0 0.20574162679425836 0.534688995215311 0.09808612440191387 0.2679425837320574
0 0.1423444976076555 0.5705741626794258 0.11961722488038277 0.3038277511961722
2 0.6327751196172249 0.2942583732057416 0.0645933014354067 0.06220095693779904
2 0.23923444976076555 0.34330143540669855 0.06698564593301436 0.05980861244019139
2 0.0861244019138756 0.4748803827751196 0.1076555023923445 0.07655502392344497
2 0.687799043062201 0.5669856459330144 0.08373205741626795 0.05980861244019139
2 0.9078947368421053 0.5681818181818182 0.09808612440191387 0.06698564593301436
2 0.8169856459330144 0.3576555023923445 0.06698564593301436 0.05263157894736842
2 0.8504784688995215 0.4665071770334928 0.13157894736842105 0.08373205741626795
2 0.49760765550239233 0.3815789473684211 0.06937799043062201 0.04784688995215311
2 0.638755980861244 0.39473684210526316 0.07177033492822966 0.0430622009569378