0 0.7356459330143541 0.5215311004784688 0.20095693779904306 0.3444976076555024
0 0.215311004784689 0.5574162679425837 0.23923444976076555 0.45454545454545453
0 0.3672248803827751 0.5514354066985646 0.22009569377990432 0.4090909090909091
0 0.49521531100478466 0.5311004784688995 0.20334928229665072 0.3684210526315789
0 0.6160287081339713 0.5239234449760766 0.17703349282296652 0.361244019138756
0 0.8349282296650717 0.5011961722488039 0.16507177033492823 0.3253588516746411
2 0.17942583732057416 0.38516746411483255 0.1076555023923445 0.0861244019138756
2 0.3361244019138756 0.4007177033492823 0.10047846889952153 0.07416267942583732
2 0.4688995215311005 0.4007177033492823 0.0861244019138756 0.06698564593301436
2 0.5909090909090909 0.39832535885167464 0.07416267942583732 0.05741626794258373
2 0.7021531100478469 0.3911483253588517 0.07177033492822966 0.05263157894736842
2 0.8133971291866029 0.4090909090909091 0.09569377990430622 0.07177033492822966