0 0.1519138755980861 0.5322966507177034 0.16985645933014354 0.3803827751196172
0 0.3409090909090909 0.569377990430622 0.1722488038277512 0.3397129186602871
0 0.49760765550239233 0.5873205741626795 0.16267942583732056 0.3492822966507177
0 0.6423444976076556 0.562200956937799 0.14832535885167464 0.3373205741626794
0 0.8899521531100478 0.7093301435406698 0.17942583732057416 0.361244019138756
0 0.7739234449760766 0.6148325358851675 0.10526315789473684 0.2679425837320574
0 0.8253588516746412 0.666267942583732 0.1291866028708134 0.3062200956937799
2 0.42942583732057416 0.26555023923444976 0.0645933014354067 0.06220095693779904
2 0.7930622009569378 0.42105263157894735 0.06937799043062201 0.06220095693779904
2 0.9043062200956937 0.5897129186602871 0.11004784688995216 0.08133971291866028
2 0.30023923444976075 0.5119617224880383 0.08373205741626795 0.06220095693779904
2 0.08971291866028708 0.4533492822966507 0.09808612440191387 0.07177033492822966
2 0.23444976076555024 0.27631578947368424 0.06698564593301436 0.05502392344497608
2 0.1722488038277512 0.37200956937799046 0.1339712918660287 0.0861244019138756
2 0.534688995215311 0.38636363636363635 0.07177033492822966 0.050239234449760764
2 0.39593301435406697 0.361244019138756 0.07177033492822966 0.045454545454545456