0 0.1471291866028708 0.4892344497607656 0.26435406698564595 0.7751196172248804
0 0.41985645933014354 0.5227272727272727 0.23923444976076555 0.8002392344497608
0 0.7212918660287081 0.5418660287081339 0.2942583732057416 0.8767942583732058
0 0.9533492822966507 0.5370813397129187 0.09330143540669857 0.8863636363636364
3 0.12679425837320574 0.7200956937799043 0.2535885167464115 0.19138755980861244
3 0.37440191387559807 0.7308612440191388 0.30741626794258375 0.173444976076555
3 0.687799043062201 0.7511961722488039 0.31220095693779903 0.2021531100478469
3 0.937799043062201 0.7583732057416268 0.12320574162679426 0.16985645933014354
2 0.1303827751196172 0.18181818181818182 0.15669856459330145 0.10885167464114832
2 0.3923444976076555 0.17703349282296652 0.1854066985645933 0.13157894736842105
2 0.7129186602870813 0.16985645933014354 0.17822966507177032 0.12440191387559808