0 0.7260765550239234 0.5705741626794258 0.1375598086124402 0.32177033492822965
0 0.20933014354066987 0.4964114832535885 0.15311004784688995 0.43301435406698563
0 0.3588516746411483 0.5227272727272727 0.14354066985645933 0.3875598086124402
0 0.4892344497607656 0.5299043062200957 0.13277511961722488 0.3480861244019139
0 0.6088516746411483 0.5478468899521531 0.10645933014354067 0.34688995215311
0 0.8277511961722488 0.5705741626794258 0.10167464114832536 0.31100478468899523
2 0.21052631578947367 0.32057416267942584 0.09688995215311005 0.06698564593301436
2 0.36004784688995217 0.3684210526315789 0.09090909090909091 0.056220095693779906
2 0.4904306220095694 0.39593301435406697 0.07775119617224881 0.05143540669856459
2 0.6100478468899522 0.41985645933014354 0.06698564593301436 0.045454545454545456
2 0.7200956937799043 0.4354066985645933 0.0645933014354067 0.039473684210526314
2 0.8253588516746412 0.47607655502392343 0.08492822966507177 0.05502392344497608