0 0.7511961722488039 0.6734449760765551 0.16507177033492823 0.3133971291866029
0 0.6232057416267942 0.6698564593301436 0.13875598086124402 0.28708133971291866
0 0.7930622009569378 0.4557416267942584 0.19617224880382775 0.39712918660287083
0 0.6363636363636364 0.43779904306220097 0.18181818181818182 0.3923444976076555
0 0.5574162679425837 0.41985645933014354 0.14114832535885166 0.37559808612440193
0 0.45215311004784686 0.40311004784689 0.1674641148325359 0.39952153110047844
0 0.33014354066985646 0.38995215311004783 0.15311004784688995 0.3684210526315789
0 0.21052631578947367 0.3672248803827751 0.16028708133971292 0.3660287081339713
0 0.5131578947368421 0.6447368421052632 0.14354066985645933 0.27751196172248804
0 0.39593301435406697 0.6303827751196173 0.15311004784688995 0.30861244019138756
0 0.284688995215311 0.618421052631579 0.12679425837320574 0.2703349282296651
0 0.16626794258373206 0.5777511961722488 0.1674641148325359 0.31100478468899523
3 0.757177033492823 0.6734449760765551 0.12440191387559808 0.07177033492822966
3 0.6399521531100478 0.6674641148325359 0.12200956937799043 0.0861244019138756
3 0.5203349282296651 0.6411483253588517 0.12440191387559808 0.06937799043062201
3 0.4019138755980861 0.6208133971291866 0.11722488038277512 0.0645933014354067
3 0.2942583732057416 0.6076555023923444 0.11483253588516747 0.07177033492822966
3 0.1722488038277512 0.5873205741626795 0.12679425837320574 0.07416267942583732
3 0.20454545454545456 0.4043062200956938 0.12440191387559808 0.06937799043062201
3 0.3229665071770335 0.4246411483253589 0.11244019138755981 0.07416267942583732
3 0.4354066985645933 0.4437799043062201 0.11004784688995216 0.07177033492822966
3 0.5490430622009569 0.4605263157894737 0.11004784688995216 0.07177033492822966
3 0.6638755980861244 0.4796650717703349 0.10287081339712918 0.06698564593301436
3 0.777511961722488 0.5011961722488039 0.1076555023923445 0.06698564593301436
2 0.7368421052631579 0.8038277511961722 0.08373205741626795 0.05263157894736842
2 0.6208133971291866 0.7870813397129187 0.07894736842105263 0.050239234449760764
2 0.5035885167464115 0.7631578947368421 0.08373205741626795 0.050239234449760764
2 0.3875598086124402 0.7452153110047847 0.08851674641148326 0.05502392344497608
2 0.27631578947368424 0.7272727272727273 0.08373205741626795 0.05263157894736842
2 0.16985645933014354 0.7069377990430622 0.0861244019138756 0.0430622009569378
2 0.7679425837320574 0.6255980861244019 0.08373205741626795 0.03588516746411483
2 0.6483253588516746 0.6088516746411483 0.08373205741626795 0.05263157894736842
2 0.5311004784688995 0.5909090909090909 0.09808612440191387 0.05263157894736842
2 0.4150717703349282 0.5657894736842105 0.08133971291866028 0.05263157894736842
2 0.30741626794258375 0.5454545454545454 0.08133971291866028 0.04784688995215311
2 0.19138755980861244 0.5299043062200957 0.09090909090909091 0.050239234449760764