0 0.861244019138756 0.3588516746411483 0.15311004784688995 0.32057416267942584
0 0.7619617224880383 0.36483253588516745 0.1722488038277512 0.35645933014354064
0 0.645933014354067 0.36483253588516745 0.16507177033492823 0.3708133971291866
0 0.5550239234449761 0.40311004784689 0.12200956937799043 0.3277511961722488
0 0.4473684210526316 0.4102870813397129 0.1291866028708134 0.2966507177033493
0 0.34330143540669855 0.4090909090909091 0.15789473684210525 0.3277511961722488
0 0.6471291866028708 0.6267942583732058 0.13636363636363635 0.22248803827751196
0 0.5418660287081339 0.645933014354067 0.14114832535885166 0.20813397129186603
0 0.4473684210526316 0.6399521531100478 0.11004784688995216 0.21291866028708134
0 0.3349282296650718 0.6255980861244019 0.14832535885167464 0.2583732057416268
0 0.22607655502392343 0.6100478468899522 0.14832535885167464 0.32057416267942584
0 0.12081339712918661 0.6160287081339713 0.16028708133971292 0.3253588516746411
3 0.854066985645933 0.3803827751196172 0.12440191387559808 0.09090909090909091
3 0.7523923444976076 0.388755980861244 0.11244019138755981 0.07655502392344497
3 0.6578947368421053 0.39712918660287083 0.09569377990430622 0.0645933014354067
3 0.5502392344497608 0.41746411483253587 0.09330143540669857 0.06698564593301436
3 0.4569377990430622 0.41985645933014354 0.07177033492822966 0.0645933014354067
3 0.6519138755980861 0.5992822966507177 0.10047846889952153 0.08851674641148326
3 0.5418660287081339 0.6028708133971292 0.10526315789473684 0.08133971291866028
3 0.44138755980861244 0.6172248803827751 0.0861244019138756 0.07416267942583732
3 0.33851674641148327 0.6255980861244019 0.09330143540669857 0.07894736842105263
3 0.23684210526315788 0.6375598086124402 0.08851674641148326 0.08373205741626795
2 0.6674641148325359 0.7141148325358851 0.0645933014354067 0.045454545454545456
2 0.5610047846889952 0.7188995215311005 0.07655502392344497 0.05980861244019139
2 0.44976076555023925 0.7284688995215312 0.05502392344497608 0.045454545454545456
2 0.35047846889952156 0.7344497607655502 0.06937799043062201 0.045454545454545456
2 0.25598086124401914 0.7452153110047847 0.06937799043062201 0.045454545454545456
2 0.15550239234449761 0.7547846889952153 0.08133971291866028 0.0430622009569378
2 0.8744019138755981 0.49521531100478466 0.0645933014354067 0.04066985645933014
2 0.7727272727272727 0.5083732057416268 0.08133971291866028 0.06220095693779904
2 0.6722488038277512 0.5143540669856459 0.08133971291866028 0.05263157894736842
2 0.5705741626794258 0.5239234449760766 0.08851674641148326 0.04784688995215311
2 0.46291866028708134 0.5322966507177034 0.05980861244019139 0.04784688995215311
2 0.3708133971291866 0.5418660287081339 0.07177033492822966 0.050239234449760764