0 0.16148325358851676 0.5861244019138756 0.11244019138755981 0.3684210526315789
0 0.35406698564593303 0.5933014354066986 0.12320574162679426 0.3253588516746411
0 0.5107655502392344 0.5861244019138756 0.11244019138755981 0.3349282296650718
0 0.6507177033492823 0.5394736842105263 0.09808612440191387 0.326555023923445
0 0.9174641148325359 0.645933014354067 0.12679425837320574 0.3456937799043062
0 0.7882775119617225 0.5705741626794258 0.06578947368421052 0.2619617224880383
0 0.84688995215311 0.6136363636363636 0.08492822966507177 0.2966507177033493
2 0.39354066985645936 0.2799043062200957 0.05741626794258373 0.05502392344497608
2 0.777511961722488 0.37559808612440193 0.061004784688995214 0.05263157894736842
2 0.9138755980861244 0.5251196172248804 0.10047846889952153 0.06578947368421052
2 0.3050239234449761 0.5430622009569378 0.07775119617224881 0.050239234449760764
2 0.08732057416267942 0.5179425837320574 0.09090909090909091 0.05741626794258373
2 0.2021531100478469 0.32057416267942584 0.061004784688995214 0.04665071770334928
2 0.15669856459330145 0.4246411483253589 0.12440191387559808 0.06818181818181818
2 0.5167464114832536 0.3827751196172249 0.06578947368421052 0.039473684210526314
2 0.37559808612440193 0.3791866028708134 0.06818181818181818 0.03588516746411483