0 0.8373205741626795 0.40789473684210525 0.11961722488038277 0.3708133971291866
0 0.6447368421052632 0.4043062200956938 0.1291866028708134 0.3277511961722488
0 0.4880382775119617 0.4138755980861244 0.11722488038277512 0.3373205741626794
0 0.08014354066985646 0.361244019138756 0.1339712918660287 0.34688995215311
0 0.21052631578947367 0.4342105263157895 0.06937799043062201 0.2631578947368421
0 0.1507177033492823 0.3923444976076555 0.09090909090909091 0.29904306220095694
2 0.6100478468899522 0.7177033492822966 0.05741626794258373 0.05502392344497608
2 0.22488038277511962 0.6291866028708134 0.06220095693779904 0.05263157894736842
2 0.0861244019138756 0.4820574162679426 0.10047846889952153 0.06698564593301436
2 0.69377990430622 0.4533492822966507 0.07894736842105263 0.05263157894736842
2 0.9126794258373205 0.4748803827751196 0.09090909090909091 0.05980861244019139
2 0.8014354066985646 0.6746411483253588 0.06220095693779904 0.04784688995215311
2 0.8444976076555024 0.569377990430622 0.12440191387559808 0.06937799043062201
2 0.48564593301435405 0.6172248803827751 0.06698564593301436 0.04066985645933014
2 0.6267942583732058 0.618421052631579 0.06937799043062201 0.03588516746411483