0 0.7942583732057417 0.48564593301435405 0.1901913875598086 0.33014354066985646
0 0.6327751196172249 0.5107655502392344 0.20454545454545456 0.3157894736842105
0 0.43301435406698563 0.5777511961722488 0.24401913875598086 0.4342105263157895
0 0.638755980861244 0.3253588516746411 0.15311004784688995 0.12320574162679426
0 0.49521531100478466 0.37799043062200954 0.14354066985645933 0.12799043062200957
0 0.3397129186602871 0.4784688995215311 0.20454545454545456 0.26555023923444976
0 0.5035885167464115 0.3026315789473684 0.09688995215311005 0.1076555023923445
0 0.5705741626794258 0.29545454545454547 0.10526315789473684 0.1423444976076555
0 0.3576555023923445 0.32057416267942584 0.13636363636363635 0.10287081339712918
2 0.4102870813397129 0.423444976076555 0.11722488038277512 0.0861244019138756
2 0.6016746411483254 0.3827751196172249 0.10885167464114832 0.0729665071770335
2 0.7643540669856459 0.35645933014354064 0.10167464114832536 0.07177033492822966
2 0.4988038277511962 0.35287081339712917 0.07535885167464115 0.07655502392344497
2 0.33253588516746413 0.3815789473684211 0.10167464114832536 0.08133971291866028
2 0.6519138755980861 0.326555023923445 0.08253588516746412 0.04665071770334928
2 0.48086124401913877 0.29066985645933013 0.0645933014354067 0.04425837320574163
2 0.5550239234449761 0.29784688995215314 0.07057416267942583 0.050239234449760764
2 0.3492822966507177 0.30741626794258375 0.07655502392344497 0.05502392344497608
2 0.41746411483253587 0.3181818181818182 0.05263157894736842 0.04665071770334928