0 0.28708133971291866 0.6196172248803827 0.0729665071770335 0.45454545454545453
0 0.3708133971291866 0.6255980861244019 0.12320574162679426 0.5107655502392344
0 0.46172248803827753 0.6255980861244019 0.10287081339712918 0.46291866028708134
0 0.5610047846889952 0.6100478468899522 0.05980861244019139 0.41148325358851673
0 0.6351674641148325 0.6267942583732058 0.09808612440191387 0.5287081339712919
0 0.7260765550239234 0.604066985645933 0.11244019138755981 0.4605263157894737
3 0.35406698564593303 0.5825358851674641 0.11842105263157894 0.10047846889952153
3 0.4533492822966507 0.5813397129186603 0.10047846889952153 0.08253588516746412
3 0.27392344497607657 0.5825358851674641 0.08133971291866028 0.07177033492822966
3 0.6100478468899522 0.5801435406698564 0.11244019138755981 0.08253588516746412
3 0.7296650717703349 0.5944976076555024 0.10645933014354067 0.08492822966507177
3 0.5394736842105263 0.5801435406698564 0.06220095693779904 0.0729665071770335
2 0.35645933014354064 0.39593301435406697 0.07177033492822966 0.06220095693779904
2 0.44258373205741625 0.40789473684210525 0.06220095693779904 0.05502392344497608
2 0.5645933014354066 0.41985645933014354 0.05741626794258373 0.045454545454545456
2 0.618421052631579 0.39593301435406697 0.07535885167464115 0.04665071770334928
2 0.7069377990430622 0.40669856459330145 0.07057416267942583 0.05263157894736842
2 0.3062200956937799 0.4246411483253589 0.0645933014354067 0.05263157894736842