0 0.16267942583732056 0.5322966507177034 0.3253588516746411 0.8014354066985646
0 0.423444976076555 0.5322966507177034 0.3349282296650718 0.8229665071770335
0 0.7248803827751196 0.5143540669856459 0.39952153110047844 0.9066985645933014
0 0.9270334928229665 0.48086124401913877 0.145933014354067 0.8899521531100478
3 0.15789473684210525 0.7643540669856459 0.27751196172248804 0.22009569377990432
3 0.40311004784689 0.7440191387559809 0.3253588516746411 0.21052631578947367
3 0.7165071770334929 0.7260765550239234 0.3349282296650718 0.23923444976076555
3 0.9473684210526315 0.7021531100478469 0.10526315789473684 0.18421052631578946
2 0.09449760765550239 0.22966507177033493 0.16985645933014354 0.12679425837320574
2 0.35406698564593303 0.19258373205741627 0.20095693779904306 0.15311004784688995
2 0.6710526315789473 0.145933014354067 0.19138755980861244 0.145933014354067