0 0.8385167464114832 0.4138755980861244 0.11244019138755981 0.3684210526315789
0 0.645933014354067 0.40669856459330145 0.12320574162679426 0.3253588516746411
0 0.4892344497607656 0.4138755980861244 0.11244019138755981 0.3349282296650718
0 0.3492822966507177 0.4605263157894737 0.09808612440191387 0.326555023923445
0 0.08253588516746412 0.35406698564593303 0.12679425837320574 0.3456937799043062
0 0.2117224880382775 0.42942583732057416 0.06578947368421052 0.2619617224880383
0 0.15311004784688995 0.38636363636363635 0.08492822966507177 0.2966507177033493
2 0.6064593301435407 0.7200956937799043 0.05741626794258373 0.05502392344497608
2 0.22248803827751196 0.6244019138755981 0.061004784688995214 0.05263157894736842
2 0.0861244019138756 0.4748803827751196 0.10047846889952153 0.06578947368421052
2 0.6949760765550239 0.4569377990430622 0.07775119617224881 0.050239234449760764
2 0.9126794258373205 0.4820574162679426 0.09090909090909091 0.05741626794258373
2 0.7978468899521531 0.6794258373205742 0.061004784688995214 0.04665071770334928
2 0.8433014354066986 0.5753588516746412 0.12440191387559808 0.06818181818181818
2 0.48325358851674644 0.6172248803827751 0.06578947368421052 0.039473684210526314
2 0.6244019138755981 0.6208133971291866 0.06818181818181818 0.03588516746411483