0 0.7308612440191388 0.5502392344497608 0.16507177033492823 0.33253588516746413
0 0.21052631578947367 0.5215311004784688 0.19138755980861244 0.4449760765550239
0 0.361244019138756 0.534688995215311 0.17703349282296652 0.39952153110047844
0 0.4916267942583732 0.5311004784688995 0.16267942583732056 0.3588516746411483
0 0.6124401913875598 0.5382775119617225 0.13636363636363635 0.35406698564593303
0 0.8325358851674641 0.5418660287081339 0.1291866028708134 0.3181818181818182
2 0.19617224880382775 0.34688995215311 0.10287081339712918 0.07416267942583732
2 0.3492822966507177 0.3815789473684211 0.09569377990430622 0.0645933014354067
2 0.48086124401913877 0.39712918660287083 0.08133971291866028 0.05741626794258373
2 0.6028708133971292 0.4102870813397129 0.07177033492822966 0.050239234449760764
2 0.7141148325358851 0.41626794258373206 0.06698564593301436 0.045454545454545456
2 0.8217703349282297 0.4473684210526316 0.08851674641148326 0.06220095693779904