0 0.16267942583732056 0.40789473684210525 0.11961722488038277 0.3708133971291866
0 0.35526315789473684 0.4043062200956938 0.1291866028708134 0.3277511961722488
0 0.5119617224880383 0.4138755980861244 0.11722488038277512 0.3373205741626794
0 0.6519138755980861 0.46291866028708134 0.10287081339712918 0.3277511961722488
0 0.9198564593301436 0.361244019138756 0.1339712918660287 0.34688995215311
0 0.7894736842105263 0.4342105263157895 0.06937799043062201 0.2631578947368421
0 0.8492822966507177 0.3923444976076555 0.09090909090909091 0.29904306220095694
2 0.38995215311004783 0.7177033492822966 0.05741626794258373 0.05502392344497608
2 0.7751196172248804 0.6291866028708134 0.06220095693779904 0.05263157894736842
2 0.9138755980861244 0.4820574162679426 0.10047846889952153 0.06698564593301436
2 0.3062200956937799 0.4533492822966507 0.07894736842105263 0.05263157894736842
2 0.08732057416267942 0.4748803827751196 0.09090909090909091 0.05980861244019139
2 0.19856459330143542 0.6746411483253588 0.06220095693779904 0.04784688995215311
2 0.15550239234449761 0.569377990430622 0.12440191387559808 0.06937799043062201
2 0.5143540669856459 0.6172248803827751 0.06698564593301436 0.04066985645933014
2 0.37320574162679426 0.618421052631579 0.06937799043062201 0.03588516746411483