0 0.7248803827751196 0.4258373205741627 0.14354066985645933 0.3229665071770335
0 0.20933014354066987 0.5083732057416268 0.16028708133971292 0.4354066985645933
0 0.3588516746411483 0.4796650717703349 0.1507177033492823 0.38995215311004783
0 0.4892344497607656 0.4700956937799043 0.13875598086124402 0.3492822966507177
0 0.6076555023923444 0.44976076555023925 0.11244019138755981 0.3492822966507177
0 0.8265550239234449 0.423444976076555 0.1076555023923445 0.3133971291866029
2 0.21411483253588517 0.6842105263157895 0.09808612440191387 0.06937799043062201
2 0.3624401913875598 0.6339712918660287 0.09090909090909091 0.05741626794258373
2 0.49282296650717705 0.604066985645933 0.07894736842105263 0.05263157894736842
2 0.611244019138756 0.5777511961722488 0.06698564593301436 0.045454545454545456
2 0.7212918660287081 0.5610047846889952 0.0645933014354067 0.04066985645933014
2 0.8253588516746412 0.5179425837320574 0.0861244019138756 0.05741626794258373