0 0.2236842105263158 0.35047846889952156 0.12799043062200957 0.35287081339712917
0 0.31698564593301437 0.35287081339712917 0.10526315789473684 0.31698564593301437
0 0.4043062200956938 0.37559808612440193 0.1076555023923445 0.30980861244019137
0 0.4880382775119617 0.36363636363636365 0.11842105263157894 0.29545454545454547
0 0.5861244019138756 0.3708133971291866 0.10047846889952153 0.31698564593301437
0 0.6614832535885168 0.37320574162679426 0.10526315789473684 0.29784688995215314
0 0.7619617224880383 0.3588516746411483 0.09210526315789473 0.3145933014354067
2 0.20334928229665072 0.4916267942583732 0.07775119617224881 0.05263157894736842
2 0.3062200956937799 0.49401913875598086 0.0645933014354067 0.050239234449760764
2 0.39473684210526316 0.4904306220095694 0.07057416267942583 0.050239234449760764
2 0.4784688995215311 0.48564593301435405 0.06220095693779904 0.04425837320574163
2 0.5669856459330144 0.49760765550239233 0.061004784688995214 0.03588516746411483
2 0.6626794258373205 0.49401913875598086 0.07057416267942583 0.05741626794258373
2 0.7559808612440191 0.49401913875598086 0.06220095693779904 0.05502392344497608