0 0.9186602870813397 0.46411483253588515 0.16267942583732056 0.37799043062200954
0 0.7703349282296651 0.4126794258373206 0.2631578947368421 0.4043062200956938
0 0.26435406698564595 0.3026315789473684 0.2607655502392344 0.41866028708133973
0 0.09928229665071771 0.28588516746411485 0.19617224880382775 0.3660287081339713
0 0.7416267942583732 0.7978468899521531 0.22727272727272727 0.3660287081339713
0 0.6028708133971292 0.7619617224880383 0.18421052631578946 0.33014354066985646
0 0.5 0.7344497607655502 0.19138755980861244 0.3349282296650718
0 0.3839712918660287 0.7057416267942583 0.22966507177033493 0.34688995215311
0 0.2631578947368421 0.6686602870813397 0.19617224880382775 0.3444976076555024
0 0.13636363636363635 0.6602870813397129 0.23684210526315788 0.38995215311004783
3 0.930622009569378 0.5107655502392344 0.13875598086124402 0.10287081339712918
3 0.7978468899521531 0.458133971291866 0.1291866028708134 0.10287081339712918
3 0.2727272727272727 0.3253588516746411 0.15789473684210525 0.11004784688995216
3 0.11483253588516747 0.3133971291866029 0.11483253588516747 0.07416267942583732
3 0.7248803827751196 0.8169856459330144 0.13875598086124402 0.10287081339712918
3 0.6148325358851675 0.7822966507177034 0.1291866028708134 0.10526315789473684
3 0.5047846889952153 0.7547846889952153 0.11004784688995216 0.08133971291866028
3 0.388755980861244 0.7320574162679426 0.11244019138755981 0.07655502392344497
3 0.2619617224880383 0.7188995215311005 0.12679425837320574 0.09090909090909091
3 0.12799043062200957 0.6866028708133971 0.13636363636363635 0.09090909090909091
2 0.7105263157894737 0.9342105263157895 0.08133971291866028 0.06220095693779904
2 0.5825358851674641 0.895933014354067 0.07416267942583732 0.06698564593301436
2 0.465311004784689 0.8624401913875598 0.07894736842105263 0.05502392344497608
2 0.3696172248803828 0.8409090909090909 0.06937799043062201 0.05980861244019139
2 0.23564593301435408 0.8217703349282297 0.0861244019138756 0.05741626794258373
2 0.10885167464114832 0.7966507177033493 0.10526315789473684 0.06698564593301436
2 0.9114832535885168 0.6232057416267942 0.07416267942583732 0.05263157894736842
2 0.7523923444976076 0.5801435406698564 0.09808612440191387 0.05502392344497608
2 0.24401913875598086 0.4557416267942584 0.09330143540669857 0.06698564593301436
2 0.07894736842105263 0.42822966507177035 0.07894736842105263 0.05980861244019139