0 0.8492822966507177 0.5143540669856459 0.18660287081339713 0.3827751196172249
0 0.6626794258373205 0.5610047846889952 0.18899521531100477 0.3444976076555024
0 0.507177033492823 0.5861244019138756 0.17942583732057416 0.35167464114832536
0 0.361244019138756 0.569377990430622 0.16267942583732056 0.3397129186602871
0 0.12200956937799043 0.7296650717703349 0.19617224880382775 0.36363636363636365
0 0.2332535885167464 0.6291866028708134 0.11961722488038277 0.2703349282296651
0 0.18421052631578946 0.6830143540669856 0.145933014354067 0.30861244019138756
2 0.5586124401913876 0.2631578947368421 0.06698564593301436 0.0645933014354067
2 0.2021531100478469 0.4366028708133971 0.07177033492822966 0.0645933014354067
2 0.10047846889952153 0.6100478468899522 0.11244019138755981 0.0861244019138756
2 0.6997607655502392 0.5011961722488039 0.0861244019138756 0.0645933014354067
2 0.9078947368421053 0.4318181818181818 0.10047846889952153 0.07416267942583732
2 0.7535885167464115 0.2631578947368421 0.06937799043062201 0.05741626794258373
2 0.8205741626794258 0.35526315789473684 0.13636363636363635 0.09330143540669857
2 0.45933014354066987 0.388755980861244 0.07177033492822966 0.05263157894736842
2 0.59688995215311 0.35645933014354064 0.07416267942583732 0.050239234449760764