0 0.8504784688995215 0.6674641148325359 0.18421052631578946 0.35167464114832536
0 0.7069377990430622 0.6638755980861244 0.17703349282296652 0.36363636363636365
0 0.5753588516746412 0.6363636363636364 0.1674641148325359 0.35167464114832536
0 0.43779904306220097 0.6244019138755981 0.16028708133971292 0.3277511961722488
0 0.3038277511961722 0.6064593301435407 0.15550239234449761 0.3157894736842105
0 0.23086124401913877 0.5442583732057417 0.15789473684210525 0.3684210526315789
0 0.7870813397129187 0.4461722488038278 0.1674641148325359 0.284688995215311
0 0.6590909090909091 0.4246411483253589 0.1674641148325359 0.27751196172248804
0 0.5358851674641149 0.40669856459330145 0.16507177033492823 0.27751196172248804
0 0.4126794258373206 0.38516746411483255 0.1674641148325359 0.2727272727272727
0 0.27870813397129185 0.361244019138756 0.17942583732057416 0.30861244019138756
0 0.12799043062200957 0.3444976076555024 0.17942583732057416 0.3349282296650718
3 0.8325358851674641 0.7021531100478469 0.15311004784688995 0.1339712918660287
3 0.7248803827751196 0.6722488038277512 0.16267942583732056 0.1507177033492823
3 0.5980861244019139 0.6555023923444976 0.15550239234449761 0.1339712918660287
3 0.4557416267942584 0.631578947368421 0.15311004784688995 0.11244019138755981
3 0.33014354066985646 0.6160287081339713 0.12200956937799043 0.11483253588516747
3 0.2021531100478469 0.5777511961722488 0.14114832535885166 0.13636363636363635
3 0.13636363636363635 0.4043062200956938 0.13636363636363635 0.10526315789473684
3 0.2727272727272727 0.42105263157894735 0.1507177033492823 0.09569377990430622
3 0.4150717703349282 0.4569377990430622 0.08851674641148326 0.06220095693779904
3 0.5191387559808612 0.4677033492822967 0.12440191387559808 0.08851674641148326
3 0.645933014354067 0.48444976076555024 0.15311004784688995 0.08851674641148326
3 0.7799043062200957 0.507177033492823 0.13157894736842105 0.07416267942583732
2 0.17822966507177032 0.21770334928229665 0.07416267942583732 0.05741626794258373
2 0.3026315789473684 0.2511961722488038 0.0861244019138756 0.06937799043062201
2 0.42822966507177035 0.27392344497607657 0.08133971291866028 0.06220095693779904
2 0.55622009569378 0.29066985645933013 0.08133971291866028 0.05502392344497608
2 0.6770334928229665 0.31698564593301437 0.08851674641148326 0.0645933014354067
2 0.80622009569378 0.3373205741626794 0.08373205741626795 0.0645933014354067
2 0.8696172248803827 0.5107655502392344 0.07894736842105263 0.05980861244019139
2 0.7440191387559809 0.4868421052631579 0.07894736842105263 0.06220095693779904
2 0.6196172248803827 0.46411483253588515 0.07894736842105263 0.0645933014354067
2 0.49521531100478466 0.4437799043062201 0.08133971291866028 0.06220095693779904
2 0.3696172248803828 0.41866028708133973 0.07416267942583732 0.06220095693779904
2 0.24282296650717702 0.38516746411483255 0.07894736842105263 0.07177033492822966