0 0.7260765550239234 0.42942583732057416 0.1375598086124402 0.32177033492822965
0 0.20933014354066987 0.5035885167464115 0.15311004784688995 0.43301435406698563
0 0.3588516746411483 0.4772727272727273 0.14354066985645933 0.3875598086124402
0 0.4892344497607656 0.4700956937799043 0.13277511961722488 0.3480861244019139
0 0.6088516746411483 0.45215311004784686 0.10645933014354067 0.34688995215311
0 0.8277511961722488 0.42942583732057416 0.10167464114832536 0.31100478468899523
2 0.21052631578947367 0.6794258373205742 0.09688995215311005 0.06698564593301436
2 0.36004784688995217 0.631578947368421 0.09090909090909091 0.056220095693779906
2 0.4904306220095694 0.604066985645933 0.07775119617224881 0.05143540669856459
2 0.6100478468899522 0.5801435406698564 0.06698564593301436 0.045454545454545456
2 0.7200956937799043 0.5645933014354066 0.0645933014354067 0.039473684210526314
2 0.8253588516746412 0.5239234449760766 0.08492822966507177 0.05502392344497608