0 0.7535885167464115 0.33133971291866027 0.16028708133971292 0.31100478468899523
0 0.6267942583732058 0.33253588516746413 0.1339712918660287 0.28708133971291866
0 0.7918660287081339 0.5490430622009569 0.18899521531100477 0.39473684210526316
0 0.6351674641148325 0.5645933014354066 0.17464114832535885 0.38995215311004783
0 0.55622009569378 0.5813397129186603 0.13636363636363635 0.37559808612440193
0 0.45095693779904306 0.59688995215311 0.16267942583732056 0.39952153110047844
0 0.3277511961722488 0.6076555023923444 0.145933014354067 0.3684210526315789
0 0.20933014354066987 0.6279904306220095 0.15550239234449761 0.36363636363636365
0 0.5155502392344498 0.35526315789473684 0.13875598086124402 0.2751196172248804
0 0.39832535885167464 0.3684210526315789 0.14832535885167464 0.3062200956937799
0 0.28708133971291866 0.37799043062200954 0.12200956937799043 0.2679425837320574
0 0.1686602870813397 0.41626794258373206 0.16267942583732056 0.30861244019138756
3 0.7595693779904307 0.33014354066985646 0.12440191387559808 0.07177033492822966
3 0.6423444976076556 0.3349282296650718 0.12200956937799043 0.08373205741626795
3 0.5227272727272727 0.3588516746411483 0.12440191387559808 0.06937799043062201
3 0.4043062200956938 0.37679425837320574 0.11722488038277512 0.06220095693779904
3 0.29545454545454547 0.388755980861244 0.11244019138755981 0.06937799043062201
3 0.17464114832535885 0.40669856459330145 0.12679425837320574 0.07177033492822966
3 0.20334928229665072 0.5897129186602871 0.12440191387559808 0.06698564593301436
3 0.32177033492822965 0.5717703349282297 0.11244019138755981 0.07177033492822966
3 0.4342105263157895 0.5550239234449761 0.11004784688995216 0.06937799043062201
3 0.5478468899521531 0.5406698564593302 0.1076555023923445 0.07177033492822966
3 0.6638755980861244 0.5227272727272727 0.10287081339712918 0.0645933014354067
3 0.777511961722488 0.5035885167464115 0.1076555023923445 0.06698564593301436
2 0.7416267942583732 0.19976076555023922 0.08373205741626795 0.05263157894736842
2 0.6255980861244019 0.215311004784689 0.07655502392344497 0.050239234449760764
2 0.507177033492823 0.23684210526315788 0.08133971291866028 0.050239234449760764
2 0.3911483253588517 0.2535885167464115 0.08851674641148326 0.05263157894736842
2 0.2799043062200957 0.26913875598086123 0.08373205741626795 0.05263157894736842
2 0.173444976076555 0.28708133971291866 0.0861244019138756 0.0430622009569378
2 0.7703349282296651 0.3791866028708134 0.08373205741626795 0.03588516746411483
2 0.6507177033492823 0.39473684210526316 0.08373205741626795 0.05263157894736842
2 0.5334928229665071 0.4090909090909091 0.09569377990430622 0.05263157894736842
2 0.41626794258373206 0.43301435406698563 0.08133971291866028 0.05263157894736842
2 0.30861244019138756 0.45095693779904306 0.08133971291866028 0.04784688995215311
2 0.19138755980861244 0.465311004784689 0.09090909090909091 0.04784688995215311