0 0.09928229665071771 0.3708133971291866 0.19856459330143542 0.5454545454545454
0 0.21650717703349281 0.33851674641148327 0.23444976076555024 0.5526315789473685
0 0.3696172248803828 0.31698564593301437 0.24401913875598086 0.5502392344497608
0 0.5251196172248804 0.284688995215311 0.24641148325358853 0.5358851674641149
0 0.687799043062201 0.26435406698564595 0.24641148325358853 0.5143540669856459
0 0.8385167464114832 0.24880382775119617 0.24401913875598086 0.4880382775119617
0 0.9222488038277512 0.6925837320574163 0.15550239234449761 0.284688995215311
0 0.7894736842105263 0.7296650717703349 0.19617224880382775 0.2894736842105263
0 0.6507177033492823 0.7619617224880383 0.22009569377990432 0.3588516746411483
0 0.48444976076555024 0.784688995215311 0.22248803827751196 0.3803827751196172
0 0.3349282296650718 0.8002392344497608 0.23923444976076555 0.39952153110047844
0 0.17464114832535885 0.8229665071770335 0.19138755980861244 0.35406698564593303