0 0.7416267942583732 0.6854066985645934 0.17942583732057416 0.3157894736842105
0 0.6148325358851675 0.6758373205741627 0.15311004784688995 0.2894736842105263
0 0.7942583732057417 0.47129186602870815 0.215311004784689 0.39952153110047844
0 0.638755980861244 0.4449760765550239 0.19856459330143542 0.39473684210526316
0 0.562200956937799 0.4222488038277512 0.16028708133971292 0.37559808612440193
0 0.458133971291866 0.4007177033492823 0.18660287081339713 0.4019138755980861
0 0.3361244019138756 0.3803827751196172 0.16985645933014354 0.3708133971291866
0 0.21889952153110048 0.35167464114832536 0.17703349282296652 0.3684210526315789
0 0.5059808612440191 0.645933014354067 0.15550239234449761 0.2799043062200957
0 0.388755980861244 0.6244019138755981 0.1674641148325359 0.31100478468899523
0 0.27870813397129185 0.6076555023923444 0.13875598086124402 0.2727272727272727
0 0.16267942583732056 0.5610047846889952 0.18181818181818182 0.3133971291866029
3 0.7476076555023924 0.6866028708133971 0.12679425837320574 0.07894736842105263
3 0.6303827751196173 0.6746411483253588 0.12440191387559808 0.09090909090909091
3 0.5131578947368421 0.6423444976076556 0.12679425837320574 0.07655502392344497
3 0.39593301435406697 0.6160287081339713 0.11961722488038277 0.06937799043062201
3 0.28827751196172247 0.59688995215311 0.11483253588516747 0.07655502392344497
3 0.1686602870813397 0.5705741626794258 0.1291866028708134 0.07894736842105263
3 0.21052631578947367 0.38995215311004783 0.12679425837320574 0.07416267942583732
3 0.3277511961722488 0.4150717703349282 0.11483253588516747 0.07894736842105263
3 0.43779904306220097 0.44019138755980863 0.11244019138755981 0.07655502392344497
3 0.5502392344497608 0.46291866028708134 0.11244019138755981 0.07655502392344497
3 0.6650717703349283 0.4880382775119617 0.10526315789473684 0.07177033492822966
3 0.7763157894736842 0.5155502392344498 0.11004784688995216 0.07177033492822966
2 0.7200956937799043 0.8157894736842105 0.08373205741626795 0.05741626794258373
2 0.6052631578947368 0.7930622009569378 0.07894736842105263 0.05263157894736842
2 0.4892344497607656 0.7631578947368421 0.08373205741626795 0.05502392344497608
2 0.37440191387559807 0.7392344497607656 0.08851674641148326 0.05741626794258373
2 0.26435406698564595 0.715311004784689 0.08373205741626795 0.05741626794258373
2 0.1590909090909091 0.6889952153110048 0.0861244019138756 0.04784688995215311
2 0.7607655502392344 0.6399521531100478 0.08373205741626795 0.04066985645933014
2 0.6423444976076556 0.6160287081339713 0.08373205741626795 0.05741626794258373
2 0.5263157894736842 0.5921052631578947 0.09808612440191387 0.05741626794258373
2 0.41148325358851673 0.5610047846889952 0.08373205741626795 0.05741626794258373
2 0.3050239234449761 0.5358851674641149 0.08373205741626795 0.05263157894736842
2 0.1901913875598086 0.5131578947368421 0.09090909090909091 0.05502392344497608