0 0.8923444976076556 0.29904306220095694 0.1507177033492823 0.5358851674641149
0 0.7511961722488039 0.291866028708134 0.14354066985645933 0.5454545454545454
0 0.59688995215311 0.2966507177033493 0.15550239234449761 0.5406698564593302
0 0.43779904306220097 0.291866028708134 0.16028708133971292 0.5263157894736842
0 0.27392344497607657 0.30023923444976075 0.16267942583732056 0.5023923444976076
0 0.12320574162679426 0.31100478468899523 0.16507177033492823 0.47607655502392343
0 0.09449760765550239 0.7691387559808612 0.16028708133971292 0.26555023923444976
0 0.25478468899521534 0.777511961722488 0.15550239234449761 0.2727272727272727
0 0.39712918660287083 0.784688995215311 0.1674641148325359 0.34210526315789475
0 0.5645933014354066 0.777511961722488 0.16267942583732056 0.36363636363636365
0 0.7188995215311005 0.7882775119617225 0.16985645933014354 0.423444976076555
0 0.8779904306220095 0.7799043062200957 0.1291866028708134 0.3803827751196172