0 0.1255980861244019 0.604066985645933 0.12679425837320574 0.3349282296650718
0 0.2679425837320574 0.6255980861244019 0.11842105263157894 0.3480861244019139
0 0.4019138755980861 0.6208133971291866 0.11124401913875598 0.3373205741626794
0 0.5394736842105263 0.6327751196172249 0.1076555023923445 0.3145933014354067
0 0.6746411483253588 0.638755980861244 0.10526315789473684 0.3014354066985646
0 0.757177033492823 0.5897129186602871 0.09688995215311005 0.3576555023923445
0 0.22607655502392343 0.39712918660287083 0.12320574162679426 0.26674641148325356
0 0.35645933014354064 0.39832535885167464 0.12320574162679426 0.2595693779904306
0 0.48086124401913877 0.4019138755980861 0.12081339712918661 0.2595693779904306
0 0.6064593301435407 0.4019138755980861 0.12440191387559808 0.25478468899521534
0 0.7416267942583732 0.4019138755980861 0.13157894736842105 0.29066985645933013
0 0.8935406698564593 0.41148325358851673 0.12679425837320574 0.31698564593301437
3 0.1375598086124402 0.6411483253588517 0.13636363636363635 0.11124401913875598
3 0.24880382775119617 0.6303827751196173 0.1423444976076555 0.12679425837320574
3 0.37679425837320574 0.6363636363636364 0.13875598086124402 0.11124401913875598
3 0.5203349282296651 0.6375598086124402 0.13875598086124402 0.08851674641148326
3 0.6471291866028708 0.6435406698564593 0.10645933014354067 0.09808612440191387
3 0.7799043062200957 0.6279904306220095 0.12320574162679426 0.11602870813397129
3 0.8744019138755981 0.4688995215311005 0.12320574162679426 0.0861244019138756
3 0.7380382775119617 0.46172248803827753 0.14114832535885166 0.07177033492822966
3 0.5909090909090909 0.47248803827751196 0.08014354066985646 0.050239234449760764
3 0.4868421052631579 0.465311004784689 0.11363636363636363 0.07057416267942583
3 0.3588516746411483 0.45933014354066987 0.14473684210526316 0.0645933014354067
3 0.2236842105263158 0.458133971291866 0.12320574162679426 0.05263157894736842
2 0.8660287081339713 0.27751196172248804 0.06818181818181818 0.04665071770334928
2 0.7380382775119617 0.2894736842105263 0.07775119617224881 0.056220095693779906
2 0.6100478468899522 0.2894736842105263 0.0729665071770335 0.05143540669856459
2 0.48086124401913877 0.2834928229665072 0.07535885167464115 0.041866028708133975
2 0.3576555023923445 0.2894736842105263 0.08014354066985646 0.05143540669856459
2 0.22607655502392343 0.28708133971291866 0.07655502392344497 0.05263157894736842
2 0.1339712918660287 0.4461722488038278 0.07057416267942583 0.04784688995215311
2 0.2619617224880383 0.4449760765550239 0.07177033492822966 0.050239234449760764
2 0.388755980861244 0.4437799043062201 0.07057416267942583 0.05263157894736842
2 0.5143540669856459 0.4449760765550239 0.0729665071770335 0.050239234449760764
2 0.6423444976076556 0.44258373205741625 0.06698564593301436 0.050239234449760764
2 0.7727272727272727 0.4318181818181818 0.07057416267942583 0.05980861244019139