0 0.14952153110047847 0.4700956937799043 0.29904306220095694 0.7870813397129187
0 0.41866028708133973 0.5179425837320574 0.2799043062200957 0.8110047846889952
0 0.7188995215311005 0.5538277511961722 0.3397129186602871 0.8899521531100478
0 0.9401913875598086 0.5574162679425837 0.11961722488038277 0.8851674641148325
3 0.12320574162679426 0.6997607655502392 0.24641148325358853 0.20334928229665072
3 0.3624401913875598 0.7236842105263158 0.3157894736842105 0.18899521531100477
3 0.6746411483253588 0.7607655502392344 0.3229665071770335 0.21770334928229665
3 0.9234449760765551 0.7811004784688995 0.13157894736842105 0.17703349282296652
2 0.1471291866028708 0.16267942583732056 0.16267942583732056 0.11722488038277512
2 0.4090909090909091 0.1722488038277512 0.19138755980861244 0.14114832535885166
2 0.7296650717703349 0.18181818181818182 0.18421052631578946 0.1339712918660287