0 0.1291866028708134 0.3827751196172249 0.13875598086124402 0.3397129186602871
0 0.2727272727272727 0.3660287081339713 0.13157894736842105 0.35167464114832536
0 0.40669856459330145 0.37559808612440193 0.12200956937799043 0.34210526315789475
0 0.5442583732057417 0.3684210526315789 0.11961722488038277 0.3181818181818182
0 0.6794258373205742 0.3672248803827751 0.11483253588516747 0.3038277511961722
0 0.7595693779904307 0.41985645933014354 0.11004784688995216 0.361244019138756
0 0.22248803827751196 0.5933014354066986 0.13157894736842105 0.2703349282296651
0 0.35287081339712917 0.59688995215311 0.13157894736842105 0.2631578947368421
0 0.4772727272727273 0.59688995215311 0.1291866028708134 0.2631578947368421
0 0.6028708133971292 0.6016746411483254 0.1339712918660287 0.2583732057416268
0 0.7380382775119617 0.6064593301435407 0.14114832535885166 0.2942583732057416
0 0.8899521531100478 0.6016746411483254 0.13875598086124402 0.32057416267942584
3 0.1423444976076555 0.3456937799043062 0.14114832535885166 0.11483253588516747
3 0.2535885167464115 0.361244019138756 0.145933014354067 0.13157894736842105
3 0.3815789473684211 0.3588516746411483 0.14354066985645933 0.11483253588516747
3 0.5251196172248804 0.36363636363636365 0.14114832535885166 0.09330143540669857
3 0.6519138755980861 0.361244019138756 0.11004784688995216 0.10287081339712918
3 0.784688995215311 0.3815789473684211 0.12679425837320574 0.11961722488038277
3 0.8732057416267942 0.5442583732057417 0.12679425837320574 0.09090909090909091
3 0.7368421052631579 0.5466507177033493 0.14354066985645933 0.07655502392344497
3 0.5897129186602871 0.5311004784688995 0.08133971291866028 0.05263157894736842
3 0.48564593301435405 0.534688995215311 0.11722488038277512 0.07416267942583732
3 0.3576555023923445 0.5358851674641149 0.145933014354067 0.06937799043062201
3 0.22248803827751196 0.5322966507177034 0.12440191387559808 0.05741626794258373
2 0.8576555023923444 0.7356459330143541 0.06937799043062201 0.04784688995215311
2 0.7308612440191388 0.7188995215311005 0.07894736842105263 0.05980861244019139
2 0.6028708133971292 0.7141148325358851 0.07416267942583732 0.05502392344497608
2 0.47368421052631576 0.715311004784689 0.07655502392344497 0.045454545454545456
2 0.35047846889952156 0.7057416267942583 0.08133971291866028 0.05502392344497608
2 0.21889952153110048 0.7033492822966507 0.07894736842105263 0.05502392344497608
2 0.13277511961722488 0.5406698564593302 0.07177033492822966 0.050239234449760764
2 0.2607655502392344 0.5466507177033493 0.07416267942583732 0.05263157894736842
2 0.38636363636363635 0.5526315789473685 0.07177033492822966 0.05502392344497608
2 0.5119617224880383 0.5550239234449761 0.07416267942583732 0.05263157894736842
2 0.6399521531100478 0.562200956937799 0.06937799043062201 0.05263157894736842
2 0.7703349282296651 0.5777511961722488 0.07177033492822966 0.06220095693779904