0 0.28708133971291866 0.3803827751196172 0.0729665071770335 0.45454545454545453
0 0.3708133971291866 0.37440191387559807 0.12320574162679426 0.5107655502392344
0 0.46172248803827753 0.37440191387559807 0.10287081339712918 0.46291866028708134
0 0.5610047846889952 0.38995215311004783 0.05980861244019139 0.41148325358851673
0 0.6351674641148325 0.37320574162679426 0.09808612440191387 0.5287081339712919
0 0.7260765550239234 0.39593301435406697 0.11244019138755981 0.4605263157894737
3 0.35406698564593303 0.41746411483253587 0.11842105263157894 0.10047846889952153
3 0.4533492822966507 0.41866028708133973 0.10047846889952153 0.08253588516746412
3 0.27392344497607657 0.41746411483253587 0.08133971291866028 0.07177033492822966
3 0.6100478468899522 0.41985645933014354 0.11244019138755981 0.08253588516746412
3 0.7296650717703349 0.4055023923444976 0.10645933014354067 0.08492822966507177
3 0.5394736842105263 0.41985645933014354 0.06220095693779904 0.0729665071770335
2 0.35645933014354064 0.604066985645933 0.07177033492822966 0.06220095693779904
2 0.44258373205741625 0.5921052631578947 0.06220095693779904 0.05502392344497608
2 0.5645933014354066 0.5801435406698564 0.05741626794258373 0.045454545454545456
2 0.618421052631579 0.604066985645933 0.07535885167464115 0.04665071770334928
2 0.7069377990430622 0.5933014354066986 0.07057416267942583 0.05263157894736842
2 0.3062200956937799 0.5753588516746412 0.0645933014354067 0.05263157894736842