0 0.15311004784688995 0.3277511961722488 0.17942583732057416 0.3277511961722488
0 0.2511961722488038 0.34330143540669855 0.20095693779904306 0.3660287081339713
0 0.3672248803827751 0.35287081339712917 0.1937799043062201 0.37799043062200954
0 0.4533492822966507 0.39832535885167464 0.14832535885167464 0.33253588516746413
0 0.5598086124401914 0.4150717703349282 0.15311004784688995 0.3038277511961722
0 0.6638755980861244 0.423444976076555 0.18421052631578946 0.3373205741626794
0 0.34330143540669855 0.6136363636363636 0.15311004784688995 0.22966507177033493
0 0.4461722488038278 0.6423444976076556 0.15550239234449761 0.21770334928229665
0 0.5406698564593302 0.6447368421052632 0.12679425837320574 0.21770334928229665
0 0.6543062200956937 0.6399521531100478 0.16985645933014354 0.2679425837320574
0 0.7631578947368421 0.6339712918660287 0.17464114832535885 0.3277511961722488
0 0.8672248803827751 0.6483253588516746 0.18660287081339713 0.33253588516746413
3 0.15669856459330145 0.3492822966507177 0.1291866028708134 0.10047846889952153
3 0.2583732057416268 0.3672248803827751 0.11722488038277512 0.08373205741626795
3 0.35167464114832536 0.3839712918660287 0.10047846889952153 0.07177033492822966
3 0.4569377990430622 0.4138755980861244 0.09569377990430622 0.07416267942583732
3 0.5502392344497608 0.423444976076555 0.07655502392344497 0.06937799043062201
3 0.3397129186602871 0.5861244019138756 0.10526315789473684 0.09569377990430622
3 0.44976076555023925 0.5992822966507177 0.11244019138755981 0.08851674641148326
3 0.5478468899521531 0.6208133971291866 0.09090909090909091 0.07894736842105263
3 0.6507177033492823 0.6399521531100478 0.10047846889952153 0.08373205741626795
3 0.75 0.6590909090909091 0.09330143540669857 0.08851674641148326
2 0.3145933014354067 0.6997607655502392 0.06698564593301436 0.050239234449760764
2 0.41985645933014354 0.7129186602870813 0.08133971291866028 0.0645933014354067
2 0.5311004784688995 0.7320574162679426 0.05980861244019139 0.050239234449760764
2 0.6291866028708134 0.7464114832535885 0.07177033492822966 0.050239234449760764
2 0.7212918660287081 0.7655502392344498 0.07177033492822966 0.050239234449760764
2 0.8205741626794258 0.7834928229665071 0.08373205741626795 0.050239234449760764
2 0.12799043062200957 0.46172248803827753 0.06698564593301436 0.045454545454545456
2 0.22727272727272727 0.48444976076555024 0.0861244019138756 0.06698564593301436
2 0.3277511961722488 0.4988038277511962 0.08373205741626795 0.05980861244019139
2 0.42822966507177035 0.5179425837320574 0.09090909090909091 0.05263157894736842
2 0.5334928229665071 0.534688995215311 0.0645933014354067 0.050239234449760764
2 0.6255980861244019 0.5526315789473685 0.07416267942583732 0.05741626794258373