0 0.8086124401913876 0.5933014354066986 0.3827751196172249 0.8133971291866029
0 0.583732057416268 0.49760765550239233 0.4258373205741627 0.8349282296650717
0 0.2942583732057416 0.43301435406698563 0.49760765550239233 0.8660287081339713
0 0.11004784688995216 0.39712918660287083 0.22009569377990432 0.7942583732057417
3 0.8827751196172249 0.37559808612440193 0.23444976076555024 0.24880382775119617
3 0.6782296650717703 0.3062200956937799 0.3397129186602871 0.24162679425837322
3 0.37799043062200954 0.21052631578947367 0.35167464114832536 0.2727272727272727
3 0.1375598086124402 0.14354066985645933 0.16028708133971292 0.1937799043062201
2 0.7811004784688995 0.8983253588516746 0.17942583732057416 0.14354066985645933
2 0.5263157894736842 0.8397129186602871 0.21291866028708134 0.1722488038277512
2 0.21411483253588517 0.7691387559808612 0.20334928229665072 0.16267942583732056