0 0.7894736842105263 0.36363636363636365 0.3684210526315789 0.7272727272727273
0 0.6028708133971292 0.40311004784689 0.3492822966507177 0.715311004784689
0 0.42105263157894735 0.45095693779904306 0.3397129186602871 0.7081339712918661
0 0.2284688995215311 0.5011961722488039 0.3708133971291866 0.7200956937799043
2 0.8755980861244019 0.6734449760765551 0.09330143540669857 0.06937799043062201
2 0.6854066985645934 0.7105263157894737 0.08851674641148326 0.06937799043062201
2 0.4904306220095694 0.7511961722488039 0.0861244019138756 0.06937799043062201
2 0.2966507177033493 0.8086124401913876 0.09090909090909091 0.06698564593301436
3 0.24641148325358853 0.5873205741626795 0.21770334928229665 0.19617224880382775
3 0.44138755980861244 0.5382775119617225 0.19856459330143542 0.18899521531100477
3 0.6244019138755981 0.49401913875598086 0.20813397129186603 0.20095693779904306
3 0.8169856459330144 0.45095693779904306 0.22966507177033493 0.215311004784689