0 0.18301435406698566 0.5681818181818182 0.2021531100478469 0.7105263157894737
0 0.37679425837320574 0.569377990430622 0.18899521531100477 0.6889952153110048
0 0.5645933014354066 0.5669856459330144 0.17703349282296652 0.6854066985645934
0 0.7631578947368421 0.5645933014354066 0.20813397129186603 0.6889952153110048
2 0.17703349282296652 0.24043062200956938 0.08253588516746412 0.05143540669856459
2 0.3708133971291866 0.2511961722488038 0.07775119617224881 0.05143540669856459
2 0.5705741626794258 0.2583732057416268 0.07655502392344497 0.05263157894736842
2 0.7715311004784688 0.25 0.08014354066985646 0.050239234449760764
3 0.7667464114832536 0.47607655502392343 0.18779904306220097 0.15669856459330145
3 0.5657894736842105 0.4772727272727273 0.16507177033492823 0.15430622009569378
3 0.37799043062200954 0.47607655502392343 0.1722488038277512 0.16507177033492823
3 0.180622009569378 0.47129186602870815 0.1937799043062201 0.17464114832535885