0 0.13636363636363635 0.5059808612440191 0.17942583732057416 0.562200956937799
0 0.3026315789473684 0.5131578947368421 0.14952153110047847 0.5526315789473685
0 0.458133971291866 0.48564593301435405 0.1423444976076555 0.5119617224880383
0 0.5897129186602871 0.49401913875598086 0.12440191387559808 0.5203349282296651
0 0.7236842105263158 0.5 0.13636363636363635 0.5370813397129187
0 0.8911483253588517 0.4988038277511962 0.19856459330143542 0.5394736842105263
2 0.15789473684210525 0.7667464114832536 0.061004784688995214 0.041866028708133975
2 0.31100478468899523 0.757177033492823 0.056220095693779906 0.045454545454545456
2 0.44976076555023925 0.7212918660287081 0.05502392344497608 0.029904306220095694
2 0.5849282296650717 0.7356459330143541 0.050239234449760764 0.03110047846889952
2 0.7093301435406698 0.7488038277511961 0.05263157894736842 0.03708133971291866
2 0.8433014354066986 0.7488038277511961 0.05502392344497608 0.04425837320574163
3 0.1423444976076555 0.5430622009569378 0.16148325358851676 0.1339712918660287
3 0.3050239234449761 0.5370813397129187 0.14354066985645933 0.14952153110047847
3 0.7260765550239234 0.5215311004784688 0.12679425837320574 0.14114832535885166
3 0.881578947368421 0.5011961722488039 0.1590909090909091 0.13875598086124402