0 0.24282296650717702 0.43779904306220097 0.29904306220095694 0.784688995215311
0 0.45454545454545453 0.39473684210526316 0.2679425837320574 0.7894736842105263
0 0.6411483253588517 0.38516746411483255 0.2631578947368421 0.7559808612440191
0 0.7966507177033493 0.5107655502392344 0.23923444976076555 0.7177033492822966
2 0.19617224880382775 0.7906698564593302 0.08851674641148326 0.05741626794258373
2 0.41626794258373206 0.75 0.08133971291866028 0.05263157894736842
2 0.6016746411483254 0.7272727272727273 0.07416267942583732 0.05980861244019139
2 0.7691387559808612 0.8349282296650717 0.07655502392344497 0.05980861244019139
3 0.23205741626794257 0.5311004784688995 0.23205741626794257 0.18421052631578946
3 0.44258373205741625 0.5107655502392344 0.20095693779904306 0.17703349282296652
3 0.6327751196172249 0.465311004784689 0.18899521531100477 0.16028708133971292
3 0.7906698564593302 0.604066985645933 0.1722488038277512 0.16507177033492823