0 0.20334928229665072 0.37679425837320574 0.3373205741626794 0.7368421052631579
0 0.39473684210526316 0.4126794258373206 0.3229665071770335 0.715311004784689
0 0.5789473684210527 0.44976076555023925 0.30861244019138756 0.7105263157894737
0 0.7739234449760766 0.4892344497607656 0.3397129186602871 0.7177033492822966
2 0.13516746411483255 0.6985645933014354 0.09090909090909091 0.06698564593301436
2 0.326555023923445 0.7236842105263158 0.0861244019138756 0.0645933014354067
2 0.5251196172248804 0.7535885167464115 0.0861244019138756 0.06698564593301436
2 0.7212918660287081 0.7990430622009569 0.08851674641148326 0.0645933014354067
3 0.7595693779904307 0.5777511961722488 0.215311004784689 0.19138755980861244
3 0.562200956937799 0.5370813397129187 0.1937799043062201 0.18421052631578946
3 0.37799043062200954 0.5059808612440191 0.20095693779904306 0.19617224880382775
3 0.18301435406698566 0.47129186602870815 0.22488038277511962 0.21052631578947367