0 0.24401913875598086 0.49760765550239233 0.15669856459330145 0.5035885167464115
0 0.4270334928229665 0.4605263157894737 0.1519138755980861 0.5155502392344498
0 0.5777511961722488 0.49401913875598086 0.13875598086124402 0.5299043062200957
0 0.7511961722488039 0.4964114832535885 0.1519138755980861 0.5119617224880383
2 0.22727272727272727 0.2619617224880383 0.05263157894736842 0.029904306220095694
2 0.41746411483253587 0.24043062200956938 0.050239234449760764 0.03110047846889952
2 0.5705741626794258 0.24641148325358853 0.05502392344497608 0.03229665071770335
2 0.7392344497607656 0.25598086124401914 0.05143540669856459 0.03229665071770335
3 0.24162679425837322 0.4964114832535885 0.14354066985645933 0.11602870813397129
3 0.4222488038277512 0.3791866028708134 0.1291866028708134 0.10047846889952153
3 0.5789473684210527 0.5933014354066986 0.13277511961722488 0.11602870813397129
3 0.7488038277511961 0.4055023923444976 0.14832535885167464 0.11124401913875598