0 0.24641148325358853 0.49401913875598086 0.17464114832535885 0.507177033492823
0 0.42822966507177035 0.5370813397129187 0.16985645933014354 0.5215311004784688
0 0.5813397129186603 0.5083732057416268 0.16028708133971292 0.5334928229665071
0 0.7535885167464115 0.5119617224880383 0.1722488038277512 0.5167464114832536
2 0.22248803827751196 0.7284688995215312 0.05263157894736842 0.03110047846889952
2 0.4126794258373206 0.757177033492823 0.050239234449760764 0.03349282296650718
2 0.5669856459330144 0.7559808612440191 0.05502392344497608 0.03349282296650718
2 0.7356459330143541 0.7523923444976076 0.05263157894736842 0.03349282296650718
3 0.2452153110047847 0.49521531100478466 0.14832535885167464 0.12200956937799043
3 0.423444976076555 0.618421052631579 0.13157894736842105 0.10526315789473684
3 0.5849282296650717 0.4090909090909091 0.13636363636363635 0.11961722488038277
3 0.7488038277511961 0.6028708133971292 0.15311004784688995 0.11722488038277512