0 0.21411483253588517 0.40669856459330145 0.16267942583732056 0.5011961722488039
2 0.24880382775119617 0.18301435406698566 0.0729665071770335 0.04665071770334928
3 0.2236842105263158 0.3839712918660287 0.13875598086124402 0.12320574162679426
0 0.37320574162679426 0.41148325358851673 0.1519138755980861 0.48444976076555024
3 0.3588516746411483 0.39593301435406697 0.12200956937799043 0.09090909090909091
2 0.3409090909090909 0.20334928229665072 0.06578947368421052 0.050239234449760764
0 0.4688995215311005 0.3827751196172249 0.12440191387559808 0.4605263157894737
2 0.458133971291866 0.17942583732057416 0.061004784688995214 0.04665071770334928
3 0.4688995215311005 0.35526315789473684 0.11363636363636363 0.0861244019138756
0 0.5861244019138756 0.3576555023923445 0.13875598086124402 0.4449760765550239
3 0.5849282296650717 0.3456937799043062 0.12200956937799043 0.09688995215311005
2 0.5705741626794258 0.16507177033492823 0.07775119617224881 0.04784688995215311
0 0.722488038277512 0.36363636363636365 0.18421052631578946 0.465311004784689
2 0.6722488038277512 0.16626794258373206 0.07655502392344497 0.061004784688995214
3 0.715311004784689 0.33851674641148327 0.13875598086124402 0.09330143540669857