0 0.1375598086124402 0.4748803827751196 0.20813397129186603 0.5717703349282297
0 0.3038277511961722 0.47607655502392343 0.17942583732057416 0.5598086124401914
0 0.4569377990430622 0.5119617224880383 0.16985645933014354 0.5191387559808612
0 0.5897129186602871 0.5107655502392344 0.1507177033492823 0.5263157894736842
0 0.7236842105263158 0.5119617224880383 0.16507177033492823 0.5430622009569378
0 0.8875598086124402 0.5215311004784688 0.22488038277511962 0.5502392344497608
2 0.1722488038277512 0.215311004784689 0.06220095693779904 0.045454545454545456
2 0.3241626794258373 0.2332535885167464 0.05741626794258373 0.04784688995215311
2 0.46172248803827753 0.27631578947368424 0.05741626794258373 0.03349282296650718
2 0.59688995215311 0.26913875598086123 0.05263157894736842 0.03349282296650718
2 0.722488038277512 0.2619617224880383 0.05502392344497608 0.04066985645933014
2 0.8552631578947368 0.26913875598086123 0.05741626794258373 0.04784688995215311
3 0.14473684210526316 0.43779904306220097 0.1674641148325359 0.14114832535885166
3 0.30741626794258375 0.4533492822966507 0.1507177033492823 0.15789473684210525
3 0.7272727272727273 0.4904306220095694 0.1339712918660287 0.14832535885167464
3 0.881578947368421 0.5191387559808612 0.16507177033492823 0.145933014354067