0 0.7511961722488039 0.5514354066985646 0.24880382775119617 0.5239234449760766
0 0.5645933014354066 0.5526315789473685 0.24641148325358853 0.5358851674641149
0 0.4222488038277512 0.4916267942583732 0.23684210526315788 0.5454545454545454
0 0.25239234449760767 0.4557416267942584 0.24641148325358853 0.5311004784688995
2 0.722488038277512 0.7858851674641149 0.05741626794258373 0.03827751196172249
2 0.5311004784688995 0.7703349282296651 0.05502392344497608 0.04066985645933014
2 0.3827751196172249 0.7356459330143541 0.05980861244019139 0.0430622009569378
2 0.21889952153110048 0.69377990430622 0.05741626794258373 0.04066985645933014
3 0.7523923444976076 0.5526315789473685 0.16267942583732056 0.14114832535885166
3 0.5538277511961722 0.6339712918660287 0.145933014354067 0.12440191387559808
3 0.44019138755980863 0.39354066985645936 0.15311004784688995 0.13875598086124402
3 0.23803827751196172 0.5454545454545454 0.1674641148325359 0.13636363636363635