0 0.7523923444976076 0.5287081339712919 0.23444976076555024 0.5239234449760766
0 0.5765550239234449 0.465311004784689 0.23205741626794257 0.5358851674641149
0 0.42105263157894735 0.47607655502392343 0.22248803827751196 0.5454545454545454
0 0.2511961722488038 0.4533492822966507 0.23205741626794257 0.5311004784688995
2 0.80622009569378 0.29904306220095694 0.05741626794258373 0.03827751196172249
2 0.6220095693779905 0.24880382775119617 0.05502392344497608 0.03827751196172249
2 0.4700956937799043 0.2332535885167464 0.05980861244019139 0.04066985645933014
2 0.3014354066985646 0.21770334928229665 0.05502392344497608 0.04066985645933014
3 0.7535885167464115 0.527511961722488 0.16028708133971292 0.13875598086124402
3 0.5944976076555024 0.38516746411483255 0.14354066985645933 0.11961722488038277
3 0.4043062200956938 0.5741626794258373 0.14832535885167464 0.13636363636363635
3 0.26674641148325356 0.36363636363636365 0.16507177033492823 0.1339712918660287