0 0.7607655502392344 0.5442583732057417 0.24880382775119617 0.7751196172248804
0 0.5526315789473685 0.6064593301435407 0.215311004784689 0.7870813397129187
0 0.3672248803827751 0.6244019138755981 0.21291866028708134 0.7464114832535885
0 0.20334928229665072 0.5095693779904307 0.19138755980861244 0.7081339712918661
2 0.7822966507177034 0.18899521531100477 0.08373205741626795 0.05263157894736842
2 0.5657894736842105 0.2452153110047847 0.07894736842105263 0.04784688995215311
2 0.3827751196172249 0.2799043062200957 0.06937799043062201 0.05502392344497608
2 0.20813397129186603 0.18421052631578946 0.07416267942583732 0.05502392344497608
3 0.7655502392344498 0.45095693779904306 0.22009569377990432 0.16985645933014354
3 0.55622009569378 0.48564593301435405 0.18899521531100477 0.16507177033492823
3 0.3708133971291866 0.5430622009569378 0.17942583732057416 0.14832535885167464
3 0.2021531100478469 0.41626794258373206 0.16267942583732056 0.15311004784688995