0 0.7619617224880383 0.534688995215311 0.22129186602870812 0.7667464114832536
0 0.55622009569378 0.6064593301435407 0.18779904306220097 0.7858851674641149
0 0.37200956937799046 0.6291866028708134 0.18779904306220097 0.7404306220095693
0 0.20334928229665072 0.5203349282296651 0.1674641148325359 0.7033492822966507
2 0.7715311004784688 0.17942583732057416 0.08253588516746412 0.050239234449760764
2 0.5574162679425837 0.24282296650717702 0.07775119617224881 0.045454545454545456
2 0.37559808612440193 0.284688995215311 0.06818181818181818 0.05263157894736842
2 0.19736842105263158 0.19497607655502391 0.07177033492822966 0.05143540669856459
3 0.7631578947368421 0.44138755980861244 0.215311004784689 0.16267942583732056
3 0.55622009569378 0.48325358851674644 0.18421052631578946 0.1590909090909091
3 0.37200956937799046 0.5478468899521531 0.17464114832535885 0.1423444976076555
3 0.19976076555023922 0.4270334928229665 0.15789473684210525 0.14832535885167464