0 0.7583732057416268 0.5645933014354066 0.30861244019138756 0.784688995215311
0 0.5466507177033493 0.6028708133971292 0.2799043062200957 0.7942583732057417
0 0.361244019138756 0.611244019138756 0.2727272727272727 0.7631578947368421
0 0.20813397129186603 0.4748803827751196 0.24880382775119617 0.7177033492822966
2 0.8098086124401914 0.21291866028708134 0.08851674641148326 0.05980861244019139
2 0.5909090909090909 0.24760765550239233 0.08373205741626795 0.05263157894736842
2 0.4043062200956938 0.26555023923444976 0.07416267942583732 0.05980861244019139
2 0.23803827751196172 0.1507177033492823 0.07655502392344497 0.05741626794258373
3 0.7715311004784688 0.47129186602870815 0.23205741626794257 0.18660287081339713
3 0.562200956937799 0.48564593301435405 0.20095693779904306 0.17942583732057416
3 0.37200956937799046 0.5251196172248804 0.19138755980861244 0.16028708133971292
3 0.21411483253588517 0.3815789473684211 0.17464114832535885 0.16507177033492823