0 0.2452153110047847 0.5287081339712919 0.20813397129186603 0.5167464114832536
0 0.4318181818181818 0.5466507177033493 0.20574162679425836 0.5287081339712919
0 0.5777511961722488 0.49760765550239233 0.1937799043062201 0.5406698564593302
0 0.75 0.4772727272727273 0.20574162679425836 0.5239234449760766
2 0.2535885167464115 0.7655502392344498 0.05502392344497608 0.03588516746411483
2 0.4449760765550239 0.7667464114832536 0.05263157894736842 0.03588516746411483
2 0.59688995215311 0.7452153110047847 0.05741626794258373 0.03827751196172249
2 0.7631578947368421 0.7177033492822966 0.05502392344497608 0.03827751196172249
3 0.24282296650717702 0.5311004784688995 0.15550239234449761 0.13157894736842105
3 0.4354066985645933 0.6279904306220095 0.13875598086124402 0.11244019138755981
3 0.5681818181818182 0.39952153110047844 0.14354066985645933 0.1291866028708134
3 0.757177033492823 0.5681818181818182 0.16028708133971292 0.12679425837320574