0 0.23564593301435408 0.4485645933014354 0.29904306220095694 0.784688995215311
0 0.4461722488038278 0.39952153110047844 0.2703349282296651 0.7990430622009569
0 0.6327751196172249 0.3911483253588517 0.26555023923444976 0.7631578947368421
0 0.7882775119617225 0.5215311004784688 0.23923444976076555 0.7177033492822966
2 0.19258373205741627 0.8026315789473685 0.08851674641148326 0.05741626794258373
2 0.41148325358851673 0.7607655502392344 0.08133971291866028 0.05263157894736842
2 0.5980861244019139 0.7380382775119617 0.07416267942583732 0.05980861244019139
2 0.7667464114832536 0.84688995215311 0.07655502392344497 0.05980861244019139
3 0.22607655502392343 0.5406698564593302 0.23205741626794257 0.18421052631578946
3 0.4354066985645933 0.5215311004784688 0.20095693779904306 0.17703349282296652
3 0.6255980861244019 0.4772727272727273 0.18899521531100477 0.16028708133971292
3 0.7858851674641149 0.6160287081339713 0.1722488038277512 0.16507177033492823