0 0.8217703349282297 0.5406698564593302 0.2631578947368421 0.7248803827751196
0 0.6291866028708134 0.5586124401913876 0.24880382775119617 0.7033492822966507
0 0.44138755980861244 0.5717703349282297 0.23684210526315788 0.6985645933014354
0 0.24401913875598086 0.5873205741626795 0.2679425837320574 0.7033492822966507
2 0.7990430622009569 0.21291866028708134 0.0861244019138756 0.05741626794258373
2 0.6064593301435407 0.24043062200956938 0.08133971291866028 0.05741626794258373
2 0.4090909090909091 0.26555023923444976 0.08133971291866028 0.05980861244019139
2 0.20813397129186603 0.2751196172248804 0.08373205741626795 0.05741626794258373
3 0.23205741626794257 0.5 0.20095693779904306 0.1722488038277512
3 0.43301435406698563 0.48325358851674644 0.17703349282296652 0.1674641148325359
3 0.6196172248803827 0.465311004784689 0.18660287081339713 0.17942583732057416
3 0.8157894736842105 0.4437799043062201 0.20813397129186603 0.19138755980861244