0 0.7535885167464115 0.4665071770334928 0.21770334928229665 0.5191387559808612
0 0.5681818181818182 0.45215311004784686 0.21291866028708134 0.5311004784688995
0 0.4222488038277512 0.5035885167464115 0.20334928229665072 0.5430622009569378
0 0.25 0.527511961722488 0.21291866028708134 0.5263157894736842
2 0.7416267942583732 0.23086124401913877 0.05502392344497608 0.03588516746411483
2 0.5502392344497608 0.23205741626794257 0.05263157894736842 0.03588516746411483
2 0.39952153110047844 0.25717703349282295 0.05741626794258373 0.03827751196172249
2 0.2332535885167464 0.28708133971291866 0.05502392344497608 0.03827751196172249
3 0.7559808612440191 0.465311004784689 0.15550239234449761 0.13157894736842105
3 0.562200956937799 0.3708133971291866 0.14114832535885166 0.11483253588516747
3 0.43301435406698563 0.6016746411483254 0.145933014354067 0.13157894736842105
3 0.24162679425837322 0.4366028708133971 0.16028708133971292 0.1291866028708134