0 0.24641148325358853 0.4880382775119617 0.20095693779904306 0.5167464114832536
0 0.4258373205741627 0.5406698564593302 0.19856459330143542 0.5311004784688995
0 0.5801435406698564 0.5179425837320574 0.18660287081339713 0.5406698564593302
0 0.7523923444976076 0.5287081339712919 0.19856459330143542 0.5263157894736842
2 0.20813397129186603 0.7212918660287081 0.05502392344497608 0.03349282296650718
2 0.39593301435406697 0.7583732057416268 0.05263157894736842 0.03588516746411483
2 0.5490430622009569 0.7631578947368421 0.05741626794258373 0.03588516746411483
2 0.7177033492822966 0.7679425837320574 0.05502392344497608 0.03588516746411483
3 0.2452153110047847 0.4892344497607656 0.15311004784688995 0.1291866028708134
3 0.4138755980861244 0.6208133971291866 0.13636363636363635 0.11244019138755981
3 0.5897129186602871 0.41866028708133973 0.14354066985645933 0.1291866028708134
3 0.7416267942583732 0.6196172248803827 0.15789473684210525 0.12440191387559808