0 0.8229665071770335 0.465311004784689 0.2751196172248804 0.7272727272727273
0 0.6291866028708134 0.4437799043062201 0.2607655502392344 0.7057416267942583
0 0.44258373205741625 0.4270334928229665 0.24880382775119617 0.7009569377990431
0 0.2452153110047847 0.40789473684210525 0.2799043062200957 0.7081339712918661
2 0.7942583732057417 0.7918660287081339 0.08851674641148326 0.05980861244019139
2 0.6028708133971292 0.7607655502392344 0.08373205741626795 0.05980861244019139
2 0.4043062200956938 0.7332535885167464 0.08133971291866028 0.05980861244019139
2 0.20334928229665072 0.7200956937799043 0.0861244019138756 0.05741626794258373
3 0.23205741626794257 0.4964114832535885 0.20334928229665072 0.17464114832535885
3 0.4318181818181818 0.5155502392344498 0.17942583732057416 0.16985645933014354
3 0.618421052631579 0.5370813397129187 0.18899521531100477 0.18181818181818182
3 0.8145933014354066 0.562200956937799 0.21052631578947367 0.1937799043062201