0 0.24641148325358853 0.5023923444976076 0.1674641148325359 0.5047846889952153
0 0.42822966507177035 0.46172248803827753 0.16267942583732056 0.5191387559808612
0 0.5813397129186603 0.49282296650717705 0.1507177033492823 0.5311004784688995
0 0.7535885167464115 0.4916267942583732 0.16267942583732056 0.5143540669856459
2 0.22727272727272727 0.26674641148325356 0.05263157894736842 0.03110047846889952
2 0.41746411483253587 0.24162679425837322 0.050239234449760764 0.03110047846889952
2 0.5705741626794258 0.2452153110047847 0.05502392344497608 0.03349282296650718
2 0.7392344497607656 0.2511961722488038 0.05263157894736842 0.03349282296650718
3 0.2452153110047847 0.5011961722488039 0.145933014354067 0.11961722488038277
3 0.4246411483253589 0.3803827751196172 0.13157894736842105 0.10287081339712918
3 0.5825358851674641 0.5921052631578947 0.1339712918660287 0.11722488038277512
3 0.7511961722488039 0.4007177033492823 0.1507177033492823 0.11483253588516747