0 0.17703349282296652 0.5035885167464115 0.35406698564593303 0.7392344497607656
0 0.36483253588516745 0.4605263157894737 0.3397129186602871 0.7129186602870813
0 0.5478468899521531 0.41985645933014354 0.3277511961722488 0.7081339712918661
0 0.7416267942583732 0.37799043062200954 0.3588516746411483 0.7177033492822966
2 0.24401913875598086 0.8253588516746412 0.09090909090909091 0.06937799043062201
2 0.430622009569378 0.7715311004784688 0.08851674641148326 0.06698564593301436
2 0.6232057416267942 0.7200956937799043 0.0861244019138756 0.06937799043062201
2 0.8205741626794258 0.6830143540669856 0.08851674641148326 0.06698564593301436
3 0.7655502392344498 0.46291866028708134 0.215311004784689 0.1937799043062201
3 0.569377990430622 0.507177033492823 0.19617224880382775 0.18660287081339713
3 0.38636363636363635 0.5502392344497608 0.20574162679425836 0.19856459330143542
3 0.19497607655502391 0.5992822966507177 0.22727272727272727 0.21291866028708134