0 0.11483253588516747 0.3875598086124402 0.22966507177033493 0.5406698564593302
0 0.25717703349282295 0.388755980861244 0.1937799043062201 0.5358851674641149
0 0.40311004784689 0.37679425837320574 0.18899521531100477 0.5167464114832536
0 0.5490430622009569 0.3492822966507177 0.19617224880382775 0.5167464114832536
0 0.7045454545454546 0.34210526315789475 0.19617224880382775 0.5215311004784688
0 0.8636363636363636 0.33373205741626794 0.21291866028708134 0.5311004784688995
2 0.11244019138755981 0.6255980861244019 0.09569377990430622 0.05980861244019139
2 0.26555023923444976 0.6232057416267942 0.09569377990430622 0.05741626794258373
2 0.41985645933014354 0.5992822966507177 0.08133971291866028 0.05741626794258373
2 0.5789473684210527 0.5765550239234449 0.08133971291866028 0.05741626794258373
2 0.7272727272727273 0.5669856459330144 0.0861244019138756 0.05741626794258373
2 0.8983253588516746 0.5657894736842105 0.09090909090909091 0.05980861244019139
3 0.10287081339712918 0.41985645933014354 0.16267942583732056 0.14354066985645933
3 0.2595693779904306 0.4473684210526316 0.15550239234449761 0.11961722488038277
3 0.4055023923444976 0.4126794258373206 0.14832535885167464 0.13875598086124402
3 0.55622009569378 0.3839712918660287 0.145933014354067 0.1076555023923445
3 0.7045454545454546 0.3684210526315789 0.15550239234449761 0.13636363636363635
3 0.8696172248803827 0.37799043062200954 0.1674641148325359 0.14354066985645933