0 0.7679425837320574 0.6399521531100478 0.24401913875598086 0.5191387559808612
2 0.69377990430622 0.8528708133971292 0.07894736842105263 0.05980861244019139
3 0.7547846889952153 0.6602870813397129 0.15789473684210525 0.14354066985645933
0 0.6124401913875598 0.6064593301435407 0.22966507177033493 0.5023923444976076
3 0.6244019138755981 0.6244019138755981 0.13636363636363635 0.1076555023923445
2 0.6064593301435407 0.8169856459330144 0.07416267942583732 0.05980861244019139
0 0.5131578947368421 0.6148325358851675 0.20095693779904306 0.47368421052631576
2 0.4880382775119617 0.8181818181818182 0.06698564593301436 0.05502392344497608
3 0.5083732057416268 0.6435406698564593 0.12679425837320574 0.10287081339712918
0 0.3923444976076555 0.618421052631579 0.21052631578947367 0.46172248803827753
3 0.39354066985645936 0.6303827751196173 0.13636363636363635 0.11483253588516747
2 0.37440191387559807 0.812200956937799 0.08373205741626795 0.05980861244019139
0 0.2607655502392344 0.5873205741626795 0.2607655502392344 0.4880382775119617
2 0.27392344497607657 0.7906698564593302 0.0861244019138756 0.07177033492822966
3 0.2631578947368421 0.6136363636363636 0.15311004784688995 0.11483253588516747