0 0.1375598086124402 0.5311004784688995 0.21770334928229665 0.5741626794258373
0 0.3038277511961722 0.5263157894736842 0.18660287081339713 0.562200956937799
0 0.4569377990430622 0.4880382775119617 0.17703349282296652 0.5215311004784688
0 0.5885167464114832 0.4880382775119617 0.16028708133971292 0.5287081339712919
0 0.7236842105263158 0.48444976076555024 0.17464114832535885 0.5454545454545454
0 0.8851674641148325 0.4700956937799043 0.22966507177033493 0.5526315789473685
2 0.17703349282296652 0.7894736842105263 0.0645933014354067 0.045454545454545456
2 0.32894736842105265 0.7691387559808612 0.05980861244019139 0.050239234449760764
2 0.465311004784689 0.7236842105263158 0.05741626794258373 0.03349282296650718
2 0.6016746411483254 0.7296650717703349 0.05263157894736842 0.03349282296650718
2 0.7260765550239234 0.7332535885167464 0.05502392344497608 0.04066985645933014
2 0.8600478468899522 0.7236842105263158 0.05741626794258373 0.04784688995215311
3 0.145933014354067 0.5681818181818182 0.16985645933014354 0.145933014354067
3 0.30861244019138756 0.5502392344497608 0.15311004784688995 0.16028708133971292
3 0.7272727272727273 0.5059808612440191 0.13636363636363635 0.1507177033492823
3 0.8803827751196173 0.4748803827751196 0.1674641148325359 0.14832535885167464