0 0.22488038277511962 0.37679425837320574 0.215311004784689 0.5143540669856459
2 0.2834928229665072 0.1590909090909091 0.07655502392344497 0.05502392344497608
3 0.23684210526315788 0.35526315789473684 0.1507177033492823 0.13636363636363635
0 0.3827751196172249 0.39832535885167464 0.20095693779904306 0.49760765550239233
3 0.3708133971291866 0.3815789473684211 0.13157894736842105 0.10287081339712918
2 0.37320574162679426 0.18779904306220097 0.07177033492822966 0.05741626794258373
0 0.48086124401913877 0.3803827751196172 0.1722488038277512 0.47129186602870815
2 0.4916267942583732 0.17703349282296652 0.0645933014354067 0.05263157894736842
3 0.48444976076555024 0.35287081339712917 0.12200956937799043 0.09808612440191387
0 0.6004784688995215 0.3672248803827751 0.18421052631578946 0.4569377990430622
3 0.6004784688995215 0.35526315789473684 0.13157894736842105 0.11004784688995216
2 0.6052631578947368 0.17464114832535885 0.08133971291866028 0.05502392344497608
0 0.7356459330143541 0.3875598086124402 0.23205741626794257 0.48086124401913877
2 0.7057416267942583 0.18660287081339713 0.08133971291866028 0.06937799043062201
3 0.7308612440191388 0.3624401913875598 0.14832535885167464 0.1076555023923445