0 0.13636363636363635 0.507177033492823 0.19856459330143542 0.5669856459330144
0 0.3026315789473684 0.49401913875598086 0.16985645933014354 0.5574162679425837
0 0.458133971291866 0.5155502392344498 0.16028708133971292 0.5167464114832536
0 0.5897129186602871 0.5023923444976076 0.14354066985645933 0.5239234449760766
0 0.7236842105263158 0.4916267942583732 0.15550239234449761 0.5406698564593302
0 0.8911483253588517 0.4880382775119617 0.21770334928229665 0.5454545454545454
2 0.14832535885167464 0.2452153110047847 0.06220095693779904 0.0430622009569378
2 0.3026315789473684 0.25 0.05741626794258373 0.04784688995215311
2 0.44258373205741625 0.2811004784688995 0.05502392344497608 0.03110047846889952
2 0.5765550239234449 0.2619617224880383 0.050239234449760764 0.03349282296650718
2 0.7009569377990431 0.24401913875598086 0.05502392344497608 0.03827751196172249
2 0.8349282296650717 0.23923444976076555 0.05741626794258373 0.045454545454545456
3 0.14114832535885166 0.4688995215311005 0.16507177033492823 0.13875598086124402
3 0.3038277511961722 0.4700956937799043 0.14832535885167464 0.15550239234449761
3 0.7248803827751196 0.4700956937799043 0.13157894736842105 0.145933014354067
3 0.881578947368421 0.48564593301435405 0.16267942583732056 0.14354066985645933