0 0.8421052631578947 0.28588516746411485 0.28708133971291866 0.5526315789473685
0 0.7021531100478469 0.326555023923445 0.24641148325358853 0.5430622009569378
0 0.5598086124401914 0.35406698564593303 0.23923444976076555 0.5239234449760766
0 0.41148325358851673 0.3684210526315789 0.24641148325358853 0.5239234449760766
0 0.2595693779904306 0.4043062200956938 0.24880382775119617 0.5311004784688995
0 0.11842105263157894 0.44019138755980863 0.23684210526315788 0.5406698564593302
2 0.9066985645933014 0.5131578947368421 0.09808612440191387 0.06698564593301436
2 0.7595693779904307 0.5538277511961722 0.10047846889952153 0.06698564593301436
2 0.604066985645933 0.5729665071770335 0.0861244019138756 0.0645933014354067
2 0.4449760765550239 0.5944976076555024 0.0861244019138756 0.0645933014354067
2 0.30023923444976075 0.6267942583732058 0.09090909090909091 0.0645933014354067
2 0.13516746411483255 0.6734449760765551 0.09330143540669857 0.06698564593301436
3 0.8600478468899522 0.3133971291866029 0.17464114832535885 0.15789473684210525
3 0.7165071770334929 0.3839712918660287 0.16507177033492823 0.13157894736842105
3 0.5657894736842105 0.38995215311004783 0.16028708133971292 0.1507177033492823
3 0.4138755980861244 0.40311004784689 0.15550239234449761 0.12200956937799043
3 0.26674641148325356 0.42942583732057416 0.16507177033492823 0.14832535885167464
3 0.11124401913875598 0.48444976076555024 0.17942583732057416 0.15789473684210525