0 0.861244019138756 0.5370813397129187 0.22727272727272727 0.5765550239234449
0 0.6949760765550239 0.5299043062200957 0.19617224880382775 0.5645933014354066
0 0.5430622009569378 0.4892344497607656 0.18660287081339713 0.5215311004784688
0 0.41148325358851673 0.48564593301435405 0.16985645933014354 0.5287081339712919
0 0.27751196172248804 0.48086124401913877 0.18181818181818182 0.5478468899521531
0 0.11602870813397129 0.46411483253588515 0.23205741626794257 0.5550239234449761
2 0.8169856459330144 0.7954545454545454 0.0645933014354067 0.04784688995215311
2 0.666267942583732 0.7727272727272727 0.05980861244019139 0.050239234449760764
2 0.5311004784688995 0.7248803827751196 0.05741626794258373 0.03349282296650718
2 0.39473684210526316 0.7272727272727273 0.05263157894736842 0.03588516746411483
2 0.2703349282296651 0.7296650717703349 0.05502392344497608 0.04066985645933014
2 0.13636363636363635 0.7177033492822966 0.05980861244019139 0.04784688995215311
3 0.8528708133971292 0.5741626794258373 0.1722488038277512 0.14832535885167464
3 0.6913875598086124 0.5538277511961722 0.15550239234449761 0.16028708133971292
3 0.2727272727272727 0.5011961722488039 0.13875598086124402 0.1507177033492823
3 0.11961722488038277 0.4677033492822967 0.16985645933014354 0.15311004784688995