0 0.8145933014354066 0.42105263157894735 0.22727272727272727 0.7177033492822966
0 0.6208133971291866 0.4258373205741627 0.21291866028708134 0.6961722488038278
0 0.43301435406698563 0.4354066985645933 0.20095693779904306 0.6913875598086124
0 0.23444976076555024 0.4449760765550239 0.23205741626794257 0.6961722488038278
2 0.8313397129186603 0.7476076555023924 0.08373205741626795 0.05502392344497608
2 0.6375598086124402 0.7440191387559809 0.07894736842105263 0.05502392344497608
2 0.43779904306220097 0.7440191387559809 0.07894736842105263 0.05502392344497608
2 0.23684210526315788 0.7595693779904307 0.08133971291866028 0.05263157894736842
3 0.23444976076555024 0.5334928229665071 0.1937799043062201 0.16267942583732056
3 0.4354066985645933 0.5251196172248804 0.16985645933014354 0.16028708133971292
3 0.6232057416267942 0.5191387559808612 0.17703349282296652 0.16985645933014354
3 0.8205741626794258 0.5179425837320574 0.19856459330143542 0.18181818181818182