0 0.7535885167464115 0.5334928229665071 0.21770334928229665 0.5167464114832536
0 0.5681818181818182 0.5478468899521531 0.21291866028708134 0.5311004784688995
0 0.4222488038277512 0.4964114832535885 0.20334928229665072 0.5430622009569378
0 0.25 0.47248803827751196 0.21291866028708134 0.5263157894736842
2 0.7416267942583732 0.7691387559808612 0.05502392344497608 0.03588516746411483
2 0.5502392344497608 0.7679425837320574 0.05263157894736842 0.03588516746411483
2 0.39952153110047844 0.742822966507177 0.05741626794258373 0.03827751196172249
2 0.2332535885167464 0.7129186602870813 0.05502392344497608 0.03827751196172249
3 0.7559808612440191 0.534688995215311 0.15550239234449761 0.13157894736842105
3 0.562200956937799 0.6291866028708134 0.14114832535885166 0.11483253588516747
3 0.43301435406698563 0.39832535885167464 0.145933014354067 0.13157894736842105
3 0.24162679425837322 0.5633971291866029 0.16028708133971292 0.1291866028708134