0 0.20334928229665072 0.4449760765550239 0.21770334928229665 0.5167464114832536
2 0.2117224880382775 0.22009569377990432 0.07894736842105263 0.05502392344497608
3 0.20933014354066987 0.42105263157894735 0.15311004784688995 0.13875598086124402
0 0.361244019138756 0.4318181818181818 0.20574162679425836 0.49760765550239233
3 0.3456937799043062 0.41746411483253587 0.13157894736842105 0.10287081339712918
2 0.3050239234449761 0.2284688995215311 0.07177033492822966 0.05741626794258373
0 0.4533492822966507 0.39354066985645936 0.17703349282296652 0.47129186602870815
2 0.41866028708133973 0.19138755980861244 0.06698564593301436 0.05263157894736842
3 0.44976076555023925 0.36483253588516745 0.12200956937799043 0.09808612440191387
0 0.5681818181818182 0.35526315789473684 0.18899521531100477 0.4569377990430622
3 0.5633971291866029 0.3444976076555024 0.13157894736842105 0.11004784688995216
2 0.5287081339712919 0.16507177033492823 0.08373205741626795 0.05502392344497608
0 0.7033492822966507 0.3456937799043062 0.23923444976076555 0.48325358851674644
2 0.631578947368421 0.15550239234449761 0.08373205741626795 0.06937799043062201
3 0.6925837320574163 0.32177033492822965 0.14832535885167464 0.1076555023923445