0 0.24880382775119617 0.5382775119617225 0.2511961722488038 0.5263157894736842
0 0.4222488038277512 0.4677033492822967 0.24880382775119617 0.5382775119617225
0 0.5777511961722488 0.47368421052631576 0.23923444976076555 0.5478468899521531
0 0.7476076555023924 0.4449760765550239 0.24880382775119617 0.5334928229665071
2 0.18660287081339713 0.30980861244019137 0.05741626794258373 0.03827751196172249
2 0.3696172248803828 0.2535885167464115 0.05502392344497608 0.04066985645933014
2 0.5215311004784688 0.2332535885167464 0.05980861244019139 0.0430622009569378
2 0.6889952153110048 0.21052631578947367 0.05741626794258373 0.04066985645933014
3 0.24760765550239233 0.5370813397129187 0.16267942583732056 0.14354066985645933
3 0.4019138755980861 0.388755980861244 0.145933014354067 0.12440191387559808
3 0.5980861244019139 0.5705741626794258 0.15311004784688995 0.14114832535885166
3 0.7272727272727273 0.35526315789473684 0.1674641148325359 0.13875598086124402