0 0.7535885167464115 0.48444976076555024 0.19138755980861244 0.5119617224880383
0 0.5729665071770335 0.534688995215311 0.18899521531100477 0.5239234449760766
0 0.41985645933014354 0.5119617224880383 0.17703349282296652 0.5382775119617225
0 0.24760765550239233 0.5215311004784688 0.18899521531100477 0.5215311004784688
2 0.784688995215311 0.7188995215311005 0.05502392344497608 0.03349282296650718
2 0.5956937799043063 0.7535885167464115 0.05263157894736842 0.03349282296650718
2 0.44258373205741625 0.7583732057416268 0.05741626794258373 0.03588516746411483
2 0.27392344497607657 0.7607655502392344 0.05263157894736842 0.03588516746411483
3 0.7547846889952153 0.48564593301435405 0.1507177033492823 0.12679425837320574
3 0.5813397129186603 0.6148325358851675 0.13636363636363635 0.11004784688995216
3 0.4126794258373206 0.4126794258373206 0.14114832535885166 0.12440191387559808
3 0.25478468899521534 0.6124401913875598 0.15550239234449761 0.12200956937799043