0 0.8385167464114832 0.2799043062200957 0.2942583732057416 0.5526315789473685
0 0.6997607655502392 0.3229665071770335 0.25598086124401914 0.5430622009569378
0 0.5574162679425837 0.35287081339712917 0.24641148325358853 0.5239234449760766
0 0.4090909090909091 0.3696172248803828 0.2535885167464115 0.5263157894736842
0 0.2583732057416268 0.40789473684210525 0.25598086124401914 0.5311004784688995
0 0.11961722488038277 0.4461722488038278 0.23923444976076555 0.5430622009569378
2 0.9078947368421053 0.5059808612440191 0.10047846889952153 0.06937799043062201
2 0.7595693779904307 0.5502392344497608 0.10047846889952153 0.06937799043062201
2 0.6052631578947368 0.5717703349282297 0.0861244019138756 0.0645933014354067
2 0.4473684210526316 0.5956937799043063 0.0861244019138756 0.0645933014354067
2 0.3026315789473684 0.6303827751196173 0.09090909090909091 0.06698564593301436
2 0.13875598086124402 0.6794258373205742 0.09569377990430622 0.06937799043062201
3 0.8564593301435407 0.30741626794258375 0.17703349282296652 0.16028708133971292
3 0.7141148325358851 0.3803827751196172 0.16507177033492823 0.1339712918660287
3 0.5645933014354066 0.388755980861244 0.16267942583732056 0.15311004784688995
3 0.4126794258373206 0.4043062200956938 0.15550239234449761 0.12440191387559808
3 0.26555023923444976 0.4342105263157895 0.1674641148325359 0.1507177033492823
3 0.11004784688995216 0.4916267942583732 0.17942583732057416 0.15789473684210525