0 0.12679425837320574 0.5478468899521531 0.2535885167464115 0.5550239234449761
0 0.24282296650717702 0.5717703349282297 0.2727272727272727 0.5454545454545454
0 0.38516746411483255 0.6064593301435407 0.2631578947368421 0.5263157894736842
0 0.5251196172248804 0.6566985645933014 0.2703349282296651 0.5263157894736842
0 0.6770334928229665 0.6889952153110048 0.2727272727272727 0.5334928229665071
0 0.833732057416268 0.7212918660287081 0.2894736842105263 0.5454545454545454
2 0.13636363636363635 0.3157894736842105 0.10047846889952153 0.07177033492822966
2 0.28827751196172247 0.3409090909090909 0.10047846889952153 0.07177033492822966
2 0.4366028708133971 0.388755980861244 0.08851674641148326 0.06698564593301436
2 0.5897129186602871 0.43779904306220097 0.08851674641148326 0.06698564593301436
2 0.7344497607655502 0.4700956937799043 0.09330143540669857 0.06937799043062201
2 0.9043062200956937 0.49760765550239233 0.09569377990430622 0.07177033492822966
3 0.09449760765550239 0.5179425837320574 0.17942583732057416 0.16507177033492823
3 0.25478468899521534 0.5143540669856459 0.1674641148325359 0.13875598086124402
3 0.39354066985645936 0.5717703349282297 0.16507177033492823 0.15550239234449761
3 0.5370813397129187 0.6244019138755981 0.15789473684210525 0.12679425837320574
3 0.6818181818181818 0.6626794258373205 0.16985645933014354 0.15550239234449761
3 0.8456937799043063 0.6782296650717703 0.18421052631578946 0.16267942583732056