0 0.1423444976076555 0.4366028708133971 0.2822966507177033 0.5861244019138756
0 0.3038277511961722 0.4748803827751196 0.2511961722488038 0.5717703349282297
0 0.46172248803827753 0.4784688995215311 0.23684210526315788 0.5287081339712919
0 0.5897129186602871 0.5107655502392344 0.22248803827751196 0.5334928229665071
0 0.7200956937799043 0.5430622009569378 0.23684210526315788 0.5526315789473685
0 0.8672248803827751 0.5729665071770335 0.26555023923444976 0.5669856459330144
2 0.11363636363636363 0.6961722488038278 0.06698564593301436 0.05263157894736842
2 0.26555023923444976 0.7165071770334929 0.0645933014354067 0.05502392344497608
2 0.40789473684210525 0.7081339712918661 0.05980861244019139 0.04066985645933014
2 0.5382775119617225 0.7476076555023924 0.05502392344497608 0.04066985645933014
2 0.6578947368421053 0.784688995215311 0.05980861244019139 0.045454545454545456
2 0.7894736842105263 0.8098086124401914 0.06220095693779904 0.05502392344497608
3 0.14114832535885166 0.47368421052631576 0.18421052631578946 0.16267942583732056
3 0.3014354066985646 0.4988038277511962 0.16985645933014354 0.17464114832535885
3 0.7177033492822966 0.5645933014354066 0.1507177033492823 0.16267942583732056
3 0.8744019138755981 0.5741626794258373 0.18181818181818182 0.1674641148325359