0 0.8636363636363636 0.5191387559808612 0.21770334928229665 0.5741626794258373
0 0.6973684210526315 0.5011961722488039 0.18660287081339713 0.562200956937799
0 0.5406698564593302 0.5167464114832536 0.17703349282296652 0.5215311004784688
0 0.4102870813397129 0.5 0.16028708133971292 0.5287081339712919
0 0.27631578947368424 0.48444976076555024 0.17464114832535885 0.5454545454545454
0 0.11363636363636363 0.47248803827751196 0.22727272727272727 0.5526315789473685
2 0.8600478468899522 0.25717703349282295 0.0645933014354067 0.045454545454545456
2 0.7069377990430622 0.25717703349282295 0.05980861244019139 0.050239234449760764
2 0.5657894736842105 0.2822966507177033 0.05741626794258373 0.03349282296650718
2 0.4318181818181818 0.2595693779904306 0.05263157894736842 0.03349282296650718
2 0.30861244019138756 0.23684210526315788 0.05502392344497608 0.04066985645933014
2 0.17464114832535885 0.22727272727272727 0.05741626794258373 0.04784688995215311
3 0.8600478468899522 0.4820574162679426 0.16985645933014354 0.145933014354067
3 0.6973684210526315 0.47607655502392343 0.15311004784688995 0.16028708133971292
3 0.27631578947368424 0.46291866028708134 0.13636363636363635 0.1507177033492823
3 0.11961722488038277 0.47248803827751196 0.1674641148325359 0.14832535885167464