0 0.17942583732057416 0.5107655502392344 0.3588516746411483 0.7392344497607656
0 0.36363636363636365 0.46291866028708134 0.3492822966507177 0.715311004784689
0 0.5466507177033493 0.41985645933014354 0.3373205741626794 0.7081339712918661
0 0.7392344497607656 0.37320574162679426 0.3684210526315789 0.7177033492822966
2 0.25 0.8301435406698564 0.09330143540669857 0.06937799043062201
2 0.4354066985645933 0.7727272727272727 0.08851674641148326 0.06937799043062201
2 0.6267942583732058 0.7177033492822966 0.0861244019138756 0.06937799043062201
2 0.8241626794258373 0.6770334928229665 0.09090909090909091 0.06698564593301436
3 0.7643540669856459 0.458133971291866 0.22009569377990432 0.19856459330143542
3 0.569377990430622 0.5059808612440191 0.19856459330143542 0.18899521531100477
3 0.3875598086124402 0.5526315789473685 0.20813397129186603 0.20095693779904306
3 0.19736842105263158 0.6052631578947368 0.22966507177033493 0.215311004784689