0 0.23086124401913877 0.4904306220095694 0.2607655502392344 0.777511961722488
0 0.430622009569378 0.4055023923444976 0.22966507177033493 0.8014354066985646
0 0.6136363636363636 0.37559808612440193 0.22727272727272727 0.7511961722488039
0 0.7882775119617225 0.47607655502392343 0.20334928229665072 0.7105263157894737
2 0.24401913875598086 0.84688995215311 0.0861244019138756 0.05502392344497608
2 0.4533492822966507 0.7715311004784688 0.07894736842105263 0.050239234449760764
2 0.6339712918660287 0.7188995215311005 0.07177033492822966 0.05502392344497608
2 0.8181818181818182 0.8002392344497608 0.07416267942583732 0.05502392344497608
3 0.23564593301435408 0.583732057416268 0.22248803827751196 0.17464114832535885
3 0.43899521531100477 0.5322966507177034 0.19138755980861244 0.1674641148325359
3 0.6196172248803827 0.458133971291866 0.18181818181818182 0.1507177033492823
3 0.8002392344497608 0.569377990430622 0.16507177033492823 0.15550239234449761