0 0.24401913875598086 0.49401913875598086 0.17464114832535885 0.5095693779904307
0 0.4258373205741627 0.5370813397129187 0.16985645933014354 0.5215311004784688
0 0.5777511961722488 0.5083732057416268 0.15789473684210525 0.5334928229665071
0 0.7511961722488039 0.5119617224880383 0.16985645933014354 0.5167464114832536
2 0.21889952153110048 0.7284688995215312 0.05263157894736842 0.03110047846889952
2 0.40789473684210525 0.7559808612440191 0.050239234449760764 0.03349282296650718
2 0.562200956937799 0.7559808612440191 0.05502392344497608 0.03349282296650718
2 0.7308612440191388 0.7523923444976076 0.05263157894736842 0.03349282296650718
3 0.24162679425837322 0.49401913875598086 0.14832535885167464 0.12200956937799043
3 0.41866028708133973 0.618421052631579 0.13157894736842105 0.10526315789473684
3 0.5825358851674641 0.4090909090909091 0.13636363636363635 0.11961722488038277
3 0.7452153110047847 0.6028708133971292 0.15311004784688995 0.11722488038277512