0 0.1423444976076555 0.5633971291866029 0.2822966507177033 0.5861244019138756
0 0.3038277511961722 0.5251196172248804 0.2511961722488038 0.5717703349282297
0 0.46172248803827753 0.5215311004784688 0.23684210526315788 0.5287081339712919
0 0.5897129186602871 0.4892344497607656 0.22248803827751196 0.5334928229665071
0 0.7200956937799043 0.4569377990430622 0.23684210526315788 0.5526315789473685
0 0.8672248803827751 0.4270334928229665 0.26555023923444976 0.5669856459330144
2 0.11363636363636363 0.3038277511961722 0.06698564593301436 0.05263157894736842
2 0.26555023923444976 0.2834928229665072 0.0645933014354067 0.05502392344497608
2 0.40789473684210525 0.291866028708134 0.05980861244019139 0.04066985645933014
2 0.5382775119617225 0.25239234449760767 0.05502392344497608 0.04066985645933014
2 0.6578947368421053 0.215311004784689 0.05980861244019139 0.045454545454545456
2 0.7894736842105263 0.1901913875598086 0.06220095693779904 0.05502392344497608
3 0.14114832535885166 0.5263157894736842 0.18421052631578946 0.16267942583732056
3 0.3014354066985646 0.5011961722488039 0.16985645933014354 0.17464114832535885
3 0.7177033492822966 0.4354066985645933 0.1507177033492823 0.16267942583732056
3 0.8744019138755981 0.4258373205741627 0.18181818181818182 0.1674641148325359