0 0.24641148325358853 0.4665071770334928 0.22488038277511962 0.5191387559808612
0 0.4222488038277512 0.5287081339712919 0.22248803827751196 0.5311004784688995
0 0.5765550239234449 0.5167464114832536 0.21052631578947367 0.5430622009569378
0 0.7488038277511961 0.5382775119617225 0.22248803827751196 0.5287081339712919
2 0.19736842105263158 0.6973684210526315 0.05502392344497608 0.03588516746411483
2 0.3815789473684211 0.7452153110047847 0.05502392344497608 0.03827751196172249
2 0.534688995215311 0.7607655502392344 0.05980861244019139 0.04066985645933014
2 0.7033492822966507 0.7751196172248804 0.05502392344497608 0.03827751196172249
3 0.24401913875598086 0.4677033492822967 0.15789473684210525 0.1339712918660287
3 0.40669856459330145 0.6088516746411483 0.14114832535885166 0.11722488038277512
3 0.5909090909090909 0.41866028708133973 0.14832535885167464 0.1339712918660287
3 0.7332535885167464 0.6279904306220095 0.16028708133971292 0.13157894736842105