0 0.861244019138756 0.5394736842105263 0.23684210526315788 0.5813397129186603
0 0.6949760765550239 0.5299043062200957 0.20574162679425836 0.5669856459330144
0 0.5430622009569378 0.4880382775119617 0.19617224880382775 0.5263157894736842
0 0.41148325358851673 0.4820574162679426 0.17703349282296652 0.5311004784688995
0 0.27751196172248804 0.4748803827751196 0.19138755980861244 0.5478468899521531
0 0.11842105263157894 0.4557416267942584 0.23684210526315788 0.5574162679425837
2 0.8133971291866029 0.7966507177033493 0.0645933014354067 0.04784688995215311
2 0.6614832535885168 0.7715311004784688 0.05980861244019139 0.050239234449760764
2 0.527511961722488 0.7212918660287081 0.05741626794258373 0.03588516746411483
2 0.3911483253588517 0.7236842105263158 0.05263157894736842 0.03588516746411483
2 0.26555023923444976 0.7248803827751196 0.05502392344497608 0.0430622009569378
2 0.13277511961722488 0.7105263157894737 0.05980861244019139 0.050239234449760764
3 0.8516746411483254 0.5753588516746412 0.17464114832535885 0.1507177033492823
3 0.6901913875598086 0.5526315789473685 0.15789473684210525 0.16267942583732056
3 0.2727272727272727 0.4964114832535885 0.14114832535885166 0.15311004784688995
3 0.12081339712918661 0.46172248803827753 0.1722488038277512 0.15789473684210525