0 0.75 0.5550239234449761 0.26555023923444976 0.5263157894736842
0 0.5801435406698564 0.4784688995215311 0.2631578947368421 0.5358851674641149
0 0.4258373205741627 0.4772727272727273 0.2535885167464115 0.5478468899521531
0 0.25598086124401914 0.44019138755980863 0.2631578947368421 0.5334928229665071
2 0.819377990430622 0.32894736842105265 0.05741626794258373 0.04066985645933014
2 0.638755980861244 0.26555023923444976 0.05502392344497608 0.04066985645933014
2 0.4880382775119617 0.23684210526315788 0.05980861244019139 0.0430622009569378
2 0.32177033492822965 0.20813397129186603 0.05741626794258373 0.0430622009569378
3 0.7523923444976076 0.5550239234449761 0.16507177033492823 0.145933014354067
3 0.6028708133971292 0.39952153110047844 0.14832535885167464 0.12679425837320574
3 0.4019138755980861 0.5729665071770335 0.15550239234449761 0.14354066985645933
3 0.27870813397129185 0.35167464114832536 0.16985645933014354 0.14114832535885166