0 0.2332535885167464 0.49282296650717705 0.20334928229665072 0.6842105263157895
0 0.4222488038277512 0.49401913875598086 0.20334928229665072 0.6913875598086124
0 0.604066985645933 0.4964114832535885 0.18181818181818182 0.69377990430622
0 0.7799043062200957 0.5035885167464115 0.1937799043062201 0.6794258373205742
2 0.21411483253588517 0.80622009569378 0.10526315789473684 0.05263157894736842
2 0.42105263157894735 0.8110047846889952 0.10047846889952153 0.050239234449760764
2 0.604066985645933 0.8086124401913876 0.09808612440191387 0.05263157894736842
2 0.777511961722488 0.80622009569378 0.11244019138755981 0.05980861244019139
3 0.23086124401913877 0.5610047846889952 0.18899521531100477 0.15311004784688995
3 0.42105263157894735 0.5657894736842105 0.18181818181818182 0.15311004784688995
3 0.6016746411483254 0.5645933014354066 0.16507177033492823 0.14114832535885166
3 0.7811004784688995 0.5717703349282297 0.1722488038277512 0.145933014354067