0 0.7607655502392344 0.4557416267942584 0.24880382775119617 0.7751196172248804
0 0.5526315789473685 0.39354066985645936 0.215311004784689 0.7870813397129187
0 0.3672248803827751 0.37559808612440193 0.21291866028708134 0.7464114832535885
0 0.20334928229665072 0.4904306220095694 0.19138755980861244 0.7081339712918661
2 0.7822966507177034 0.8110047846889952 0.08373205741626795 0.05263157894736842
2 0.5657894736842105 0.7547846889952153 0.07894736842105263 0.04784688995215311
2 0.3827751196172249 0.7200956937799043 0.06937799043062201 0.05502392344497608
2 0.20813397129186603 0.8157894736842105 0.07416267942583732 0.05502392344497608
3 0.7655502392344498 0.5490430622009569 0.22009569377990432 0.16985645933014354
3 0.55622009569378 0.5143540669856459 0.18899521531100477 0.16507177033492823
3 0.3708133971291866 0.4569377990430622 0.17942583732057416 0.14832535885167464
3 0.2021531100478469 0.583732057416268 0.16267942583732056 0.15311004784688995