0 0.14473684210526316 0.5681818181818182 0.2894736842105263 0.5861244019138756
0 0.3038277511961722 0.5287081339712919 0.2607655502392344 0.5717703349282297
0 0.46172248803827753 0.5227272727272727 0.24641148325358853 0.5311004784688995
0 0.5885167464114832 0.4868421052631579 0.22966507177033493 0.5358851674641149
0 0.7188995215311005 0.4533492822966507 0.24401913875598086 0.5526315789473685
0 0.8648325358851675 0.41866028708133973 0.2703349282296651 0.569377990430622
2 0.11004784688995216 0.30980861244019137 0.06937799043062201 0.05263157894736842
2 0.2619617224880383 0.28827751196172247 0.0645933014354067 0.05502392344497608
2 0.4043062200956938 0.2942583732057416 0.05980861244019139 0.04066985645933014
2 0.5334928229665071 0.25239234449760767 0.05502392344497608 0.04066985645933014
2 0.65311004784689 0.21291866028708134 0.05980861244019139 0.04784688995215311
2 0.7834928229665071 0.1854066985645933 0.06220095693779904 0.05502392344497608
3 0.14114832535885166 0.5322966507177034 0.18660287081339713 0.16507177033492823
3 0.3014354066985646 0.5047846889952153 0.1722488038277512 0.17703349282296652
3 0.7165071770334929 0.4318181818181818 0.15311004784688995 0.16507177033492823
3 0.8732057416267942 0.41985645933014354 0.18421052631578946 0.16985645933014354