0 0.12320574162679426 0.6447368421052632 0.1901913875598086 0.5251196172248804
0 0.2679425837320574 0.631578947368421 0.14952153110047847 0.5239234449760766
0 0.4138755980861244 0.631578947368421 0.14473684210526316 0.5059808612440191
0 0.562200956937799 0.645933014354067 0.15311004784688995 0.5047846889952153
0 0.7177033492822966 0.6399521531100478 0.15311004784688995 0.5107655502392344
0 0.8767942583732058 0.6339712918660287 0.1686602870813397 0.5191387559808612
2 0.10287081339712918 0.4090909090909091 0.09090909090909091 0.05143540669856459
2 0.25598086124401914 0.39712918660287083 0.09210526315789473 0.050239234449760764
2 0.41148325358851673 0.40789473684210525 0.07775119617224881 0.050239234449760764
2 0.5717703349282297 0.41746411483253587 0.07775119617224881 0.050239234449760764
2 0.7200956937799043 0.4138755980861244 0.08253588516746412 0.050239234449760764
2 0.8911483253588517 0.39952153110047844 0.0861244019138756 0.05143540669856459
3 0.11124401913875598 0.6148325358851675 0.1519138755980861 0.13157894736842105
3 0.26555023923444976 0.5729665071770335 0.1471291866028708 0.10645933014354067
3 0.4138755980861244 0.5956937799043063 0.13875598086124402 0.12679425837320574
3 0.5657894736842105 0.611244019138756 0.13875598086124402 0.09688995215311005
3 0.715311004784689 0.6136363636363636 0.14473684210526316 0.12320574162679426
3 0.8791866028708134 0.5897129186602871 0.15669856459330145 0.1291866028708134