0 0.20095693779904306 0.4557416267942584 0.23444976076555024 0.5191387559808612
2 0.2021531100478469 0.22966507177033493 0.07894736842105263 0.05741626794258373
3 0.2069377990430622 0.4318181818181818 0.15550239234449761 0.14114832535885166
0 0.3588516746411483 0.4366028708133971 0.22248803827751196 0.5
3 0.34210526315789475 0.423444976076555 0.1339712918660287 0.1076555023923445
2 0.29545454545454547 0.23564593301435408 0.07177033492822966 0.05980861244019139
0 0.44976076555023925 0.39593301435406697 0.19138755980861244 0.47368421052631576
2 0.40789473684210525 0.19497607655502391 0.06698564593301436 0.05502392344497608
3 0.4449760765550239 0.3672248803827751 0.12440191387559808 0.10047846889952153
0 0.562200956937799 0.35287081339712917 0.20334928229665072 0.45933014354066987
3 0.5586124401913876 0.34210526315789475 0.13636363636363635 0.11244019138755981
2 0.5167464114832536 0.1638755980861244 0.08373205741626795 0.05741626794258373
0 0.6973684210526315 0.3397129186602871 0.2535885167464115 0.4880382775119617
2 0.6196172248803827 0.1519138755980861 0.0861244019138756 0.07177033492822966
3 0.6866028708133971 0.3157894736842105 0.1507177033492823 0.11244019138755981