0 0.7559808612440191 0.5023923444976076 0.15669856459330145 0.5035885167464115
0 0.5729665071770335 0.5394736842105263 0.1519138755980861 0.5155502392344498
0 0.4222488038277512 0.5059808612440191 0.13875598086124402 0.5299043062200957
0 0.24880382775119617 0.5035885167464115 0.1519138755980861 0.5119617224880383
2 0.7727272727272727 0.7380382775119617 0.05263157894736842 0.029904306220095694
2 0.5825358851674641 0.7595693779904307 0.050239234449760764 0.03110047846889952
2 0.42942583732057416 0.7535885167464115 0.05502392344497608 0.03229665071770335
2 0.2607655502392344 0.7440191387559809 0.05143540669856459 0.03229665071770335
3 0.7583732057416268 0.5035885167464115 0.14354066985645933 0.11602870813397129
3 0.5777511961722488 0.6208133971291866 0.1291866028708134 0.10047846889952153
3 0.42105263157894735 0.40669856459330145 0.13277511961722488 0.11602870813397129
3 0.2511961722488038 0.5944976076555024 0.14832535885167464 0.11124401913875598