0 0.23444976076555024 0.4796650717703349 0.2511961722488038 0.6961722488038278
0 0.4222488038277512 0.49760765550239233 0.24880382775119617 0.7033492822966507
0 0.6028708133971292 0.5155502392344498 0.22727272727272727 0.7033492822966507
0 0.7787081339712919 0.5251196172248804 0.24162679425837322 0.6913875598086124
2 0.24880382775119617 0.16626794258373206 0.11004784688995216 0.05980861244019139
2 0.45454545454545453 0.18301435406698566 0.10526315789473684 0.05741626794258373
2 0.6351674641148325 0.20454545454545456 0.10287081339712918 0.05980861244019139
2 0.8074162679425837 0.22488038277511962 0.11483253588516747 0.06698564593301436
3 0.23923444976076555 0.41148325358851673 0.19856459330143542 0.16507177033492823
3 0.42822966507177035 0.4270334928229665 0.19138755980861244 0.16507177033492823
3 0.6076555023923444 0.4461722488038278 0.1722488038277512 0.15311004784688995
3 0.7870813397129187 0.458133971291866 0.17942583732057416 0.15789473684210525